0.0 0.5
0.002 0.49806131191483133
0.004 0.4902701629934847
0.006 0.4775675935334833
0.008 0.4615951822975865
0.01 0.44358215961259756
0.012 0.42440708341056144
0.014 0.40473915237221025
0.016 0.38510991459737737
0.018000000000000002 0.36594485469577037
0.020000000000000004 0.3475711121161002
0.022000000000000006 0.33021216154473415
0.024000000000000007 0.31399415676443454
0.02600000000000001 0.2989643346065617
0.02800000000000001 0.28511878280442365
0.030000000000000013 0.27242634115915787
0.032000000000000015 0.2608420816569041
0.034000000000000016 0.2503156258314243
0.03600000000000002 0.24079557184233463
0.03800000000000002 0.23223063188461418
0.04000000000000002 0.22456952251850038
0.04200000000000002 0.2177595898900127
0.044000000000000025 0.2117452529626328
0.04600000000000003 0.20646673015707434
0.04800000000000003 0.20185940039930123
0.05000000000000003 0.19785408778820773
0.05200000000000003 0.19437847737845299
0.054000000000000034 0.19135966953447336
0.056000000000000036 0.1887275140849251
0.05800000000000004 0.18641795850382986
0.06000000000000004 0.18437550296874167
0.06200000000000004 0.1825541936464508
0.06400000000000004 0.18091721905683306
0.06600000000000004 0.17943559969028727
0.06800000000000005 0.1780866223490597
0.07000000000000005 0.1768523820905269
0.07200000000000005 0.17571859723482736
0.07400000000000005 0.17467371500452678
0.07600000000000005 0.17370825574236692
0.07800000000000006 0.17281433386312595
0.08000000000000006 0.17198530440508675
0.08200000000000006 0.17121549840449518
0.08400000000000006 0.17050002221156885
0.08600000000000006 0.16983461114098947
0.08800000000000006 0.1692157483485492
0.09000000000000007 0.16863998296925647
0.09200000000000007 0.16810420248321728
0.09400000000000007 0.16760566911792363
0.09600000000000007 0.16714193596234522
0.09800000000000007 0.16671080513458764
0.10000000000000007 0.16631030262562235
0.10200000000000008 0.16593865954644543
0.10400000000000008 0.16559429478315268
0.10600000000000008 0.16527579625042016
0.10800000000000008 0.16498189916302697
0.11000000000000008 0.1647114545194741
0.11200000000000009 0.1644634169374925
0.11400000000000009 0.16423680242407568
0.11600000000000009 0.1640306540440838
0.11800000000000009 0.16384401240040875
0.12000000000000009 0.16367588820761808
0.1220000000000001 0.1635252398289963
0.1240000000000001 0.16339095785926905
0.12600000000000008 0.16327185817503054
0.12800000000000009 0.16316668415699326
0.1300000000000001 0.1630741180044381
0.1320000000000001 0.1629928002653736
0.1340000000000001 0.16292135596874768
0.1360000000000001 0.1628584251414808
0.1380000000000001 0.16280269508643425
0.1400000000000001 0.16275293163247778
0.1420000000000001 0.16270800666547125
0.1440000000000001 0.16266691960370078
0.1460000000000001 0.16262881106147203
0.1480000000000001 0.1625929737314038
0.1500000000000001 0.16255883282316924
0.1520000000000001 0.16252594343087673
0.1540000000000001 0.16249397334160565
0.1560000000000001 0.16246267768465933
0.1580000000000001 0.16243187260152137
0.16000000000000011 0.1624014100272793
0.16200000000000012 0.16237115602525393
0.16400000000000012 0.162340974890121
0.16600000000000012 0.1623107206687327
0.16800000000000012 0.16228023696481159
0.17000000000000012 0.1622493649916148
0.17200000000000013 0.162217958911254
0.17400000000000013 0.16218590664582655
0.17600000000000013 0.16215315365305355
0.17800000000000013 0.16211972670316593
0.18000000000000013 0.16208575452844703
0.18200000000000013 0.16205148236891825
0.18400000000000014 0.16201727790298687
0.18600000000000014 0.16198362679484762
0.18800000000000014 0.16195111704662418
0.19000000000000014 0.16192041242515853
0.19200000000000014 0.1618922163386347
0.19400000000000014 0.16186722855940777
0.19600000000000015 0.16184609182146104
0.19800000000000015 0.1618293615107665
0.20000000000000015 0.16181745069827097
0.20200000000000015 0.16181059225426153
0.20400000000000015 0.16180881605946762
0.20600000000000016 0.16181193876693678
0.20800000000000016 0.16181956829456234
0.21000000000000016 0.16183112345127937
0.21200000000000016 0.16184586760520586
0.21400000000000016 0.1618629450025727
0.21600000000000016 0.16188141378000237
0.21800000000000017 0.16190031070596
0.22000000000000017 0.16191874507305526
0.22200000000000017 0.1619359677486527
0.22400000000000017 0.1619514050317234
0.22600000000000017 0.16196467740944592
0.22800000000000017 0.16197560391025628
0.23000000000000018 0.16198419624098043
0.23200000000000018 0.16199062287227228
0.23400000000000018 0.16199517800488866
0.23600000000000018 0.16199823502362243
0.23800000000000018 0.16200019550778816
0.24000000000000019 0.16200143604683342
0.2420000000000002 0.16200226027943954
0.2440000000000002 0.16200286037615225
0.2460000000000002 0.16200329164673338
0.2480000000000002 0.16200346286373674
0.25000000000000017 0.16200314348030004
0.25200000000000017 0.16200198734752225
0.25400000000000017 0.1619995699556126
0.25600000000000017 0.16199543501147373
0.2580000000000002 0.1619891488687536
0.2600000000000002 0.16198035885596962
0.2620000000000002 0.16196884752922291
0.2640000000000002 0.16195457696831506
0.2660000000000002 0.16193771915016458
0.2680000000000002 0.161918668908148
0.2700000000000002 0.1618980373695471
0.2720000000000002 0.1618766254550072
0.2740000000000002 0.16185537882442225
0.2760000000000002 0.16183532738353956
0.2780000000000002 0.16181751395970162
0.2800000000000002 0.16180291262758711
0.2820000000000002 0.16179236774031214
0.2840000000000002 0.1617865164649291
0.2860000000000002 0.16178573535824092
0.2880000000000002 0.16179010360135188
0.2900000000000002 0.16179939076577576
0.2920000000000002 0.16181306752231234
0.2940000000000002 0.16183033537726388
0.2960000000000002 0.16185016085548543
0.2980000000000002 0.1618713382804276
0.3000000000000002 0.16189260516126053
0.3020000000000002 0.16191276366004942
0.3040000000000002 0.1619307615948974
0.3060000000000002 0.16194575930580152
0.3080000000000002 0.16195718036984574
0.3100000000000002 0.16196474828013485
0.3120000000000002 0.16196847855790153
0.3140000000000002 0.1619686723422371
0.3160000000000002 0.16196587888032354
0.3180000000000002 0.1619608349216733
0.32000000000000023 0.16195438698252818
0.32200000000000023 0.16194740180383072
0.32400000000000023 0.16194068820163043
0.32600000000000023 0.16193493575420748
0.32800000000000024 0.16193065904655574
0.33000000000000024 0.16192815204459798
0.33200000000000024 0.16192746283362014
0.33400000000000024 0.16192839217160493
0.33600000000000024 0.16193051631571093
0.33800000000000024 0.1619332321175282
0.34000000000000025 0.16193582028023168
0.34200000000000025 0.16193751917733568
0.34400000000000025 0.16193760370822646
0.34600000000000025 0.16193546980586826
0.34800000000000025 0.16193071120654412
0.35000000000000026 0.1619231680038809
0.35200000000000026 0.16191295072482292
0.35400000000000026 0.16190044739803144
0.35600000000000026 0.16188630879685062
0.35800000000000026 0.161871406072983
0.36000000000000026 0.161856760287016
0.36200000000000027 0.1618434788141479
0.36400000000000027 0.16183265384817042
0.36600000000000027 0.1618252681507984
0.36800000000000027 0.16182211096258897
0.3700000000000003 0.16182370648284583
0.3720000000000003 0.16183026201376582
0.3740000000000003 0.16184164072444912
0.3760000000000003 0.1618573609919271
0.3780000000000003 0.16187660582468183
0.3800000000000003 0.1618982587631983
0.3820000000000003 0.16192100770328688
0.3840000000000003 0.16194347249567842
0.3860000000000003 0.16196429517556593
0.3880000000000003 0.16198224947954282
0.3900000000000003 0.16199632088762406
0.3920000000000003 0.16200577474758288
0.3940000000000003 0.16201020342347144
0.3960000000000003 0.1620095480676177
0.3980000000000003 0.16200409308387365
0.4000000000000003 0.16199443388748674
0.4020000000000003 0.16198140990931892
0.4040000000000003 0.16196601615742706
0.4060000000000003 0.16194932777205123
0.4080000000000003 0.16193243503358823
0.4100000000000003 0.16191635992044107
0.4120000000000003 0.16190197668899275
0.4140000000000003 0.161889946989556
0.4160000000000003 0.1618806758261302
0.4180000000000003 0.16187429200339892
0.4200000000000003 0.16187065426839864
0.4220000000000003 0.16186938200840378
0.4240000000000003 0.16186990719717176
0.4260000000000003 0.16187154243856483
0.4280000000000003 0.16187355858674057
0.4300000000000003 0.16187526463891733
0.43200000000000033 0.16187607958736633
0.43400000000000033 0.16187559801977747
0.43600000000000033 0.16187364428101442
0.43800000000000033 0.1618702816445617
0.44000000000000034 0.1618658146926184
0.44200000000000034 0.16186076492828982
0.44400000000000034 0.16185582437258517
0.44600000000000034 0.1618517916051076
0.44800000000000034 0.16184949609205546
0.45000000000000034 0.16184971762017425
0.45200000000000035 0.16185310806098108
0.45400000000000035 0.16186012246909737
0.45600000000000035 0.16187096188885025
0.45800000000000035 0.161885527659325
0.46000000000000035 0.16190340729157693
0.46200000000000035 0.16192390540159907
0.46400000000000036 0.16194610463032239
0.46600000000000036 0.16196890970682576
0.46800000000000036 0.1619911337397757
0.47000000000000036 0.162011582756573
0.47200000000000036 0.1620291379945809
0.47400000000000037 0.16204283404610875
0.47600000000000037 0.16205192559402004
0.47800000000000037 0.16205593710968863
0.48000000000000037 0.162054691603857
0.4820000000000004 0.16204831642603706
0.4840000000000004 0.16203722543160037
0.4860000000000004 0.16202206718485956
0.4880000000000004 0.16200365740302292
0.4900000000000004 0.16198292534865277
0.4920000000000004 0.16196086703502138
0.4940000000000004 0.16193847578505172
0.4960000000000004 0.1619166736991
0.4980000000000004 0.16189625247748812
0.5000000000000003 0.16187782899939568
0.5020000000000003 0.16186181894475965
0.5040000000000003 0.1618484298448255
0.5060000000000003 0.16183767312221736
0.5080000000000003 0.1618293929913034
0.5100000000000003 0.16182330864868133
0.5120000000000003 0.16181906509965538
0.5140000000000003 0.1618162813339269
0.5160000000000003 0.1618146177526113
0.5180000000000003 0.1618138119821535
0.5200000000000004 0.16181371001725703
0.5220000000000004 0.1618142865566949
0.5240000000000004 0.16181564835009454
0.5260000000000004 0.16181802112232452
0.5280000000000004 0.16182172178750115
0.5300000000000004 0.1618271182732675
0.5320000000000004 0.1618345759323943
0.5340000000000004 0.16184440123465438
0.5360000000000004 0.16185679970489936
0.5380000000000004 0.16187184440190322
0.5400000000000004 0.16188944485855894
0.5420000000000004 0.16190932949269138
0.5440000000000004 0.16193104421356214
0.5460000000000004 0.16195396754259272
0.5480000000000004 0.16197734090415555
0.5500000000000004 0.16200031757752043
0.5520000000000004 0.16202199759762964
0.5540000000000004 0.16204149528990258
0.5560000000000004 0.1620579971745817
0.5580000000000004 0.1620708112903046
0.5600000000000004 0.1620794088369153
0.5620000000000004 0.1620834541887734
0.5640000000000004 0.16208282094320176
0.5660000000000004 0.1620775930834426
0.5680000000000004 0.16206805179707212
0.5700000000000004 0.16205463817447874
0.5720000000000004 0.16203790391730927
0.5740000000000004 0.16201847823328303
0.5760000000000004 0.1619970476373052
0.5780000000000004 0.16197431649674893
0.5800000000000004 0.16195096698828348
0.5820000000000004 0.16192762489993479
0.5840000000000004 0.16190483451818743
0.5860000000000004 0.16188304415072707
0.5880000000000004 0.16186260253019252
0.5900000000000004 0.16184376522482036
0.5920000000000004 0.16182670924444453
0.5940000000000004 0.16181155332428687
0.5960000000000004 0.16179838094454124
0.5980000000000004 0.16178726013344363
0.6000000000000004 0.16177826587531008
0.6020000000000004 0.16177150317782607
0.6040000000000004 0.16176709976482156
0.6060000000000004 0.1617652081851665
0.6080000000000004 0.16176599690353416
0.6100000000000004 0.1617696339632767
0.6120000000000004 0.16177626527478256
0.6140000000000004 0.16178598999022908
0.6160000000000004 0.16179883029814396
0.6180000000000004 0.16181469405893734
0.6200000000000004 0.16183335702185914
0.6220000000000004 0.16185447563856886
0.6240000000000004 0.161877602129042
0.6260000000000004 0.16190219109862836
0.6280000000000004 0.1619276137924367
0.6300000000000004 0.1619531807129111
0.6320000000000005 0.1619781708892159
0.6340000000000005 0.16200186516212794
0.6360000000000005 0.16202358660107774
0.6380000000000005 0.16204271695164613
0.6400000000000005 0.16205873524985887
0.6420000000000005 0.16207124125178796
0.6440000000000005 0.1620799671167159
0.6460000000000005 0.16208478141816435
0.6480000000000005 0.162085684913657
0.6500000000000005 0.16208279874727916
0.6520000000000005 0.16207634655762676
0.6540000000000005 0.16206662794855092
0.6560000000000005 0.16205398126334764
0.6580000000000005 0.16203876493648106
0.6600000000000005 0.16202135061431516
0.6620000000000005 0.1620021169621742
0.6640000000000005 0.1619814409026698
0.6660000000000005 0.16195968869169136
0.6680000000000005 0.1619372146660441
0.6700000000000005 0.16191436477452598
0.6720000000000005 0.1618914830348787
0.6740000000000005 0.16186891923085878
0.6760000000000005 0.16184703643299464
0.6780000000000005 0.16182621637132383
0.6800000000000005 0.16180686100637642
0.6820000000000005 0.161789389122732
0.6840000000000005 0.16177422446542067
0.6860000000000005 0.16176178447472833
0.6880000000000005 0.16175247046254448
0.6900000000000005 0.16174663072334416
0.6920000000000005 0.16174454093490748
0.6940000000000005 0.16174638219572662
0.6960000000000005 0.16175222178816212
0.6980000000000005 0.16176199907582833
0.7000000000000005 0.16177551835797266
0.7020000000000005 0.1617924390137379
0.7040000000000005 0.16181226491227502
0.7060000000000005 0.16183437319033706
0.7080000000000005 0.16185807361847754
0.7100000000000005 0.16188264998464086
0.7120000000000005 0.16190738946011496
0.7140000000000005 0.16193161129336736
0.7160000000000005 0.16195469395712658
0.7180000000000005 0.16197609844531796
0.7200000000000005 0.16199538552096804
0.7220000000000005 0.16201223137538578
0.7240000000000005 0.16202641355869074
0.7260000000000005 0.16203781397813355
0.7280000000000005 0.16204640704429957
0.7300000000000005 0.16205223891672388
0.7320000000000005 0.16205540468344598
0.7340000000000005 0.16205602536333985
0.7360000000000005 0.16205422709064143
0.7380000000000005 0.1620501247340007
0.7400000000000005 0.16204380916171812
0.7420000000000005 0.16203533688440558
0.7440000000000005 0.16202473418636637
0.7460000000000006 0.1620120184678433
0.7480000000000006 0.16199722354407803
0.7500000000000006 0.16198042149768188
0.7520000000000006 0.16196174437822625
0.7540000000000006 0.16194140399212203
0.7560000000000006 0.1619197072791972
0.7580000000000006 0.16189706482027516
0.7600000000000006 0.16187399051517892
0.7620000000000006 0.16185109125299957
0.7640000000000006 0.16182904635557394
0.7660000000000006 0.16180857760786277
0.7680000000000006 0.16179041168976882
0.7700000000000006 0.1617752347573706
0.7720000000000006 0.16176365171517276
0.7740000000000006 0.16175615352137718
0.7760000000000006 0.16175306562093816
0.7780000000000006 0.16175452523488842
0.7800000000000006 0.1617604670493522
0.7820000000000006 0.16177062211258791
0.7840000000000006 0.1617845309004668
0.7860000000000006 0.1618015610678853
0.7880000000000006 0.16182092581498564
0.7900000000000006 0.16184173783521938
0.7920000000000006 0.16186309748199856
0.7940000000000006 0.16188416450908205
0.7960000000000006 0.16190420371297748
0.7980000000000006 0.16192262076178254
0.8000000000000006 0.16193898729279338
0.8020000000000006 0.16195305313570446
0.8040000000000006 0.1619647442512105
0.8060000000000006 0.16197415228754602
0.8080000000000006 0.1619814901887841
0.8100000000000006 0.16198706177796146
0.8120000000000006 0.16199121743868578
0.8140000000000006 0.16199430419819927
0.8160000000000006 0.16199661934957377
0.8180000000000006 0.16199837147251367
0.8200000000000006 0.16199965253897025
0.8220000000000006 0.16200042393589958
0.8240000000000006 0.16200051800096454
0.8260000000000006 0.16199965522249793
0.8280000000000006 0.16199747575353252
0.8300000000000006 0.1619935802222014
0.8320000000000006 0.16198757600455782
0.8340000000000006 0.161979130561484
0.8360000000000006 0.16196802640840408
0.8380000000000006 0.16195420628524715
0.8400000000000006 0.16193780564191462
0.8420000000000006 0.16191916940153966
0.8440000000000006 0.1618988506812562
0.8460000000000006 0.1618775905960293
0.8480000000000006 0.16185627993823554
0.8500000000000006 0.16183590520038765
0.8520000000000006 0.16181748291508558
0.8540000000000006 0.16180198747601304
0.8560000000000006 0.16179027213400415
0.8580000000000007 0.16178301913516602
0.8600000000000007 0.1617806719741039
0.8620000000000007 0.1617833938827371
0.8640000000000007 0.16179105058165777
0.8660000000000007 0.16180321422948907
0.8680000000000007 0.16181918958018854
0.8700000000000007 0.16183804492940984
0.8720000000000007 0.16185865384400905
0.8740000000000007 0.16187979692540333
0.8760000000000007 0.16190028872376427
0.8780000000000007 0.1619190621786516
0.8800000000000007 0.1619352365773994
0.8820000000000007 0.1619481709990359
0.8840000000000007 0.16195750436212064
0.8860000000000007 0.16196315757008317
0.8880000000000007 0.16196533167496396
0.8900000000000007 0.16196447611007514
0.8920000000000007 0.16196123799014328
0.8940000000000007 0.16195639398522899
0.8960000000000007 0.16195076806932523
0.8980000000000007 0.16194514586177433
0.9000000000000007 0.16194020755514849
0.9020000000000007 0.16193647805909483
0.9040000000000007 0.1619342808269475
0.9060000000000007 0.1619337084494723
0.9080000000000007 0.16193461538655618
0.9100000000000007 0.16193663421461435
0.9120000000000007 0.16193921413401335
0.9140000000000007 0.1619416782951198
0.9160000000000007 0.16194329218307085
0.9180000000000007 0.1619433397015394
0.9200000000000007 0.16194120848269572
0.9220000000000007 0.16193646770087022
0.9240000000000007 0.16192891741848275
0.9260000000000007 0.1619186173768717
0.9280000000000007 0.16190590013695588
0.9300000000000007 0.16189136309820734
0.9320000000000007 0.16187583269337297
0.9340000000000007 0.16186030083282804
0.9360000000000007 0.1618458626935878
0.9380000000000007 0.1618336204012944
0.9400000000000007 0.16182459235548846
0.9420000000000007 0.1618196248866534
0.9440000000000007 0.16181931797880345
0.9460000000000007 0.16182396854954723
0.9480000000000007 0.16183353685973134
0.9500000000000007 0.161847639389591
0.9520000000000007 0.16186555876304642
0.9540000000000007 0.1618862689648506
0.9560000000000007 0.1619085132279513
0.9580000000000007 0.16193093338757913
0.9600000000000007 0.16195216598706075
0.9620000000000007 0.16197094961654085
0.9640000000000007 0.1619862135570712
0.9660000000000007 0.16199714864415837
0.9680000000000007 0.16200325949495725
0.9700000000000008 0.16200439275155903
0.9720000000000008 0.16200073862485442
0.9740000000000008 0.16199280556518947
0.9760000000000008 0.16198136445462236
0.9780000000000008 0.16196736464138978
0.9800000000000008 0.16195185282948527
0.9820000000000008 0.16193590353759552
0.9840000000000008 0.16192054267146982
0.9860000000000008 0.16190666692633943
0.9880000000000008 0.16189497505935718
0.9900000000000008 0.16188591844861455
0.9920000000000008 0.16187967535976439
0.9940000000000008 0.1618761508134377
0.9960000000000008 0.16187500155164575
0.9980000000000008 0.16187568335952462
1.0000000000000007 0.1618775160424487
1.0020000000000007 0.1618797598377129
1.0040000000000007 0.1618816960790414
1.0060000000000007 0.16188270461386556
1.0080000000000007 0.16188232479662823
1.0100000000000007 0.16188032168967498
1.0120000000000007 0.16187670583169594
1.0140000000000007 0.16187173615496558
1.0160000000000007 0.1618659022492961
1.0180000000000007 0.1618598829724755
1.0200000000000007 0.1618544857387028
1.0220000000000007 0.16185057210835052
1.0240000000000007 0.161848976376878
1.0260000000000007 0.16185042443232678
1.0280000000000007 0.1618554601112107
1.0300000000000007 0.16186438561959432
1.0320000000000007 0.1618772139217866
1.0340000000000007 0.16189363655352368
1.0360000000000007 0.16191303543696167
1.0380000000000007 0.16193454034436183
1.0400000000000007 0.161957090361122
1.0420000000000007 0.16197949722217642
1.0440000000000007 0.16200054311172513
1.0460000000000007 0.16201906178201986
1.0480000000000007 0.16203402015175078
1.0500000000000007 0.16204459032821394
1.0520000000000007 0.16205020584081764
1.0540000000000007 0.16205059753389672
1.0560000000000007 0.1620458064497194
1.0580000000000007 0.1620361730574844
1.0600000000000007 0.16202229545669
1.0620000000000007 0.16200496081968357
1.0640000000000007 0.16198508672946182
1.0660000000000007 0.1619636724331051
1.0680000000000007 0.16194173266461065
1.0700000000000007 0.16192022618723928
1.0720000000000007 0.16189999162388025
1.0740000000000007 0.1618816970003571
1.0760000000000007 0.16186580705252657
1.0780000000000007 0.16185257034926437
1.0800000000000007 0.1618420263784277
1.0820000000000007 0.16183403094498483
1.0840000000000007 0.1618282966460033
1.0860000000000007 0.16182444393393408
1.0880000000000007 0.16182205458234755
1.0900000000000007 0.16182073046008405
1.0920000000000007 0.16182015289447188
1.0940000000000007 0.16182010883755732
1.0960000000000008 0.161820519632064
1.0980000000000008 0.16182145053524039
1.1000000000000008 0.16182310281634354
1.1020000000000008 0.16182578969478123
1.1040000000000008 0.16182989872491693
1.1060000000000008 0.1618358407275059
1.1080000000000008 0.16184399034064934
1.1100000000000008 0.16185463564769148
1.1120000000000008 0.1618679395828762
1.1140000000000008 0.16188390463921465
1.1160000000000008 0.16190234855716124
1.1180000000000008 0.16192289615448824
1.1200000000000008 0.16194498840288846
1.1220000000000008 0.16196790798925986
1.1240000000000008 0.1619908252625496
1.1260000000000008 0.16201283210291972
1.1280000000000008 0.16203301055351083
1.1300000000000008 0.16205049371573405
1.1320000000000008 0.1620645197183605
1.1340000000000008 0.16207447923898127
1.1360000000000008 0.1620799520963191
1.1380000000000008 0.16208072999177864
1.1400000000000008 0.16207682389251887
1.1420000000000008 0.162068455945917
1.1440000000000008 0.16205603026059695
1.1460000000000008 0.16204008393346742
1.1480000000000008 0.1620212482083519
1.1500000000000008 0.1620002226717172
1.1520000000000008 0.16197773893130085
1.1540000000000008 0.16195451736407018
1.1560000000000008 0.16193122802867532
1.1580000000000008 0.16190846004444337
1.1600000000000008 0.16188670171816483
1.1620000000000008 0.16186633224669222
1.1640000000000008 0.1618476245875589
1.1660000000000008 0.16183075802188146
1.1680000000000008 0.16181583807602734
1.1700000000000008 0.16180292087952236
1.1720000000000008 0.1617920340075913
1.1740000000000008 0.16178321165593346
1.1760000000000008 0.16177650716151643
1.1780000000000008 0.16177200430510813
1.1800000000000008 0.1617698198226522
1.1820000000000008 0.16177009921463803
1.1840000000000008 0.1617730038389546
1.1860000000000008 0.16177869110675386
1.1880000000000008 0.16178729007678122
1.1900000000000008 0.16179887246367758
1.1920000000000008 0.16181341373010294
1.1940000000000008 0.16183076443965771
1.1960000000000008 0.16185065383395364
1.1980000000000008 0.16187270399907938
1.2000000000000008 0.16189643142013915
1.2020000000000008 0.16192125631372167
1.2040000000000008 0.16194652130878623
1.2060000000000008 0.16197151821928796
1.2080000000000009 0.16199552050354277
1.2100000000000009 0.162017821395948
1.2120000000000009 0.1620377659077798
1.2140000000000009 0.16205477364311416
1.2160000000000009 0.16206837964096082
1.2180000000000009 0.1620782489952941
1.2200000000000009 0.16208418613211384
1.2220000000000009 0.16208613547469108
1.2240000000000009 0.16208417366866834
1.2260000000000009 0.16207849446838962
1.2280000000000009 0.16206938569329055
1.2300000000000009 0.16205719231988025
1.2320000000000009 0.16204229065756526
1.2340000000000009 0.1620250755906077
1.2360000000000009 0.16200595543295487
1.2380000000000009 0.16198533846568064
1.2400000000000009 0.16196362388088154
1.2420000000000009 0.16194119190829848
1.2440000000000009 0.16191840518293982
1.2460000000000009 0.16189561338197345
1.2480000000000009 0.1618731598282348
1.2500000000000009 0.16185138945636707
1.252000000000001 0.16183065606938846
1.254000000000001 0.16181132702272577
1.256000000000001 0.16179378383845178
1.258000000000001 0.16177841485117828
1.260000000000001 0.16176560847650678
1.262000000000001 0.16175574752766886
1.264000000000001 0.16174917560503677
1.266000000000001 0.16174617947524778
1.268000000000001 0.16174696764107316
1.270000000000001 0.16175165007477882
1.272000000000001 0.16176022157436543
1.274000000000001 0.16177255076488078
1.276000000000001 0.16178836969848875
1.278000000000001 0.16180725928876127
1.280000000000001 0.16182866120914569
1.282000000000001 0.16185192735435155
1.284000000000001 0.1618763672398164
1.286000000000001 0.1619012757805841
1.288000000000001 0.16192596092735329
1.290000000000001 0.16194977124560944
1.292000000000001 0.1619721213096577
1.294000000000001 0.16199251254795693
1.296000000000001 0.1620105536366474
1.298000000000001 0.16202595185914204
1.300000000000001 0.16203852180330325
1.302000000000001 0.16204817879187977
1.304000000000001 0.16205492257830245
1.306000000000001 0.16205881773937675
1.308000000000001 0.1620599723624187
1.310000000000001 0.1620585172412815
1.312000000000001 0.16205458784713345
1.314000000000001 0.16204830940055825
1.316000000000001 0.16203978216428022
1.318000000000001 0.1620290779620065
1.320000000000001 0.1620162554031711
1.322000000000001 0.1620013829767596
1.324000000000001 0.16198455708401321
1.326000000000001 0.16196592065380522
1.328000000000001 0.1619456811991712
1.330000000000001 0.16192412609844414
1.332000000000001 0.16190163270755376
1.334000000000001 0.16187867121755561
1.336000000000001 0.16185579879136414
1.338000000000001 0.16183364434093267
1.340000000000001 0.16181288424697815
1.342000000000001 0.16179421028132518
1.344000000000001 0.16177828676198996
1.346000000000001 0.16176572343301848
1.348000000000001 0.1617570264337958
1.350000000000001 0.1617525623133093
1.352000000000001 0.1617525278725891
1.354000000000001 0.1617569324671842
1.356000000000001 0.1617655918157273
1.358000000000001 0.16177813482261355
1.360000000000001 0.16179402023489514
1.362000000000001 0.16181254971550346
1.364000000000001 0.16183289993640787
1.366000000000001 0.16185419973711818
1.368000000000001 0.16187561294527825
1.370000000000001 0.16189638434233217
1.372000000000001 0.16191587640641975
1.374000000000001 0.16193359706672233
1.376000000000001 0.16194921639074022
1.378000000000001 0.1619625704324456
1.380000000000001 0.16197365446176787
1.382000000000001 0.16198259804801224
1.384000000000001 0.16198962317096116
1.386000000000001 0.16199501688872825
1.388000000000001 0.1619990834711842
1.390000000000001 0.16200210023955147
1.392000000000001 0.16200427884413948
1.394000000000001 0.16200573560656695
1.396000000000001 0.16200647392089146
1.398000000000001 0.1620063806548947
1.400000000000001 0.16200523719084614
1.402000000000001 0.1620027443954381
1.404000000000001 0.16199855613752084
1.406000000000001 0.1619923204152346
1.408000000000001 0.16198372891954838
1.410000000000001 0.16197257047409858
1.412000000000001 0.16195877505570827
1.414000000000001 0.16194244737501717
1.416000000000001 0.16192388668546237
1.418000000000001 0.161903590213462
1.420000000000001 0.1618822388896633
1.422000000000001 0.16186066561057744
1.424000000000001 0.16183980786872748
1.426000000000001 0.1618206480885932
1.428000000000001 0.16180414624657213
1.430000000000001 0.16179116727134407
1.432000000000001 0.16178241843183022
1.434000000000001 0.16177840185447845
1.436000000000001 0.16177935622226308
1.438000000000001 0.16178523715524484
1.440000000000001 0.16179571484262678
1.442000000000001 0.16181019286483045
1.444000000000001 0.16182783821562624
1.446000000000001 0.16184761731315378
1.448000000000001 0.16186837306642893
1.450000000000001 0.16188894035981438
1.452000000000001 0.16190824502088447
1.454000000000001 0.16192537331192897
1.456000000000001 0.161939627367428
1.458000000000001 0.16195056419979603
1.460000000000001 0.16195801785375713
1.462000000000001 0.16196209430310604
1.464000000000001 0.1619631382942981
1.466000000000001 0.16196170261332804
1.468000000000001 0.1619584837140453
1.470000000000001 0.16195424894263288
1.472000000000001 0.16194975494688807
1.474000000000001 0.16194567218891454
1.476000000000001 0.161942528850248
1.478000000000001 0.1619406708025557
1.480000000000001 0.16194022966701677
1.482000000000001 0.16194111048824888
1.484000000000001 0.16194300170952586
1.486000000000001 0.16194540706943394
1.488000000000001 0.1619476960125532
1.490000000000001 0.16194916660954556
1.492000000000001 0.16194912056983413
1.494000000000001 0.16194694686522826
1.496000000000001 0.16194219692598338
1.498000000000001 0.1619346358378515
1.500000000000001 0.1619242757956928
1.5020000000000011 0.16191139508163316
1.5040000000000011 0.16189653625788458
1.5060000000000011 0.16188047686892182
1.5080000000000011 0.16186417718198465
1.5100000000000011 0.1618487037555612
1.5120000000000011 0.16183516222539202
1.5140000000000011 0.16182459475262173
1.5160000000000011 0.16181789667246776
1.5180000000000011 0.16181573616645822
1.5200000000000011 0.16181849401499127
1.5220000000000011 0.1618262244188865
1.5240000000000011 0.16183864105109402
1.5260000000000011 0.161855126833158
1.5280000000000011 0.16187475382829408
1.5300000000000011 0.16189633504217998
1.5320000000000011 0.16191853509459114
1.5340000000000011 0.16194000437412592
1.5360000000000011 0.16195945871979656
1.5380000000000011 0.16197577908684435
1.5400000000000011 0.16198808917407204
1.5420000000000011 0.16199581123341528
1.5440000000000011 0.16199870007217992
1.5460000000000012 0.16199685140162212
1.5480000000000012 0.1619906835244342
1.5500000000000012 0.16198089214413458
1.5520000000000012 0.1619683735293755
1.5540000000000012 0.16195413754600907
1.5560000000000012 0.16193923387304365
1.5580000000000012 0.16192468344890731
1.5600000000000012 0.16191139757423295
1.5620000000000012 0.16190010607043864
1.5640000000000012 0.16189130297397425
1.5660000000000012 0.1618852149244447
1.5680000000000012 0.16188179480234727
1.5700000000000012 0.16188074075020487
1.5720000000000012 0.1618815384198673
1.5740000000000012 0.16188352224097635
1.5760000000000012 0.16188594985096655
1.5780000000000012 0.16188808270056299
1.5800000000000012 0.16188926534521847
1.5820000000000012 0.16188899609761181
1.5840000000000012 0.16188697650084094
1.5860000000000012 0.16188316244164175
1.5880000000000012 0.16187776613630073
1.5900000000000012 0.1618712406771658
1.5920000000000012 0.1618642447598585
1.5940000000000012 0.16185758607273748
1.5960000000000012 0.1618521489958311
1.5980000000000012 0.16184881321475114
1.6000000000000012 0.16184837052012468
1.6020000000000012 0.16185144718251543
1.6040000000000012 0.16185843879668338
1.6060000000000012 0.16186946304250088
1.6080000000000012 0.16188432255332885
1.6100000000000012 0.1619024907611003
1.6120000000000012 0.16192315729638973
1.6140000000000012 0.1619452901960245
1.6160000000000012 0.1619677173954241
1.6180000000000012 0.16198920674742423
1.6200000000000012 0.16200855377267992
1.6220000000000012 0.1620246657044226
1.6240000000000012 0.16203663804496082
1.6260000000000012 0.16204381681841645
1.6280000000000012 0.1620458413446177
1.6300000000000012 0.16204266420894148
1.6320000000000012 0.16203454713477006
1.6340000000000012 0.16202202848138597
1.6360000000000012 0.16200586016885965
1.6380000000000012 0.1619869424013764
1.6400000000000012 0.16196626977166584
1.6420000000000012 0.16194487083679704
1.6440000000000012 0.16192373476834626
1.6460000000000012 0.16190374283112513
1.6480000000000012 0.16188561224726533
1.6500000000000012 0.16186985728626707
1.6520000000000012 0.16185677031209827
1.6540000000000012 0.1618464235436834
1.6560000000000012 0.16183869039609872
1.6580000000000013 0.16183328355749332
1.6600000000000013 0.16182980554487625
1.6620000000000013 0.16182780184070544
1.6640000000000013 0.16182683108316348
1.6660000000000013 0.1618265144326378
1.6680000000000013 0.16182658008256873
1.6700000000000013 0.16182689380477555
1.6720000000000013 0.16182747489236654
1.6740000000000013 0.16182849383232367
1.6760000000000013 0.16183025253947164
1.6780000000000013 0.16183314936563475
1.6800000000000013 0.16183763109253718
1.6820000000000013 0.1618441339131909
1.6840000000000013 0.16185302465651757
1.6860000000000013 0.1618645533771393
1.6880000000000013 0.1618788151919427
1.6900000000000013 0.16189571948502302
1.6920000000000013 0.1619149748532645
1.6940000000000013 0.16193609177153745
1.6960000000000013 0.16195840285406587
1.6980000000000013 0.16198110185535386
1.7000000000000013 0.16200328921975332
1.7020000000000013 0.16202402029668328
1.7040000000000013 0.1620423818286873
1.7060000000000013 0.16205754733577066
1.7080000000000013 0.16206882994079858
1.7100000000000013 0.162075725287039
1.7120000000000013 0.1620779409914076
1.7140000000000013 0.16207541050898816
1.7160000000000013 0.16206829072835005
1.7180000000000013 0.16205694030780143
1.7200000000000013 0.16204187454144348
1.7220000000000013 0.16202371974565555
1.7240000000000013 0.16200318202822145
1.7260000000000013 0.16198101498698114
1.7280000000000013 0.16195797382013166
1.7300000000000013 0.16193477165173215
1.7320000000000013 0.1619120434584263
1.7340000000000013 0.16189032062232017
1.7360000000000013 0.16187001754508012
1.7380000000000013 0.16185143042243516
1.7400000000000013 0.16183474709467277
1.7420000000000013 0.1618200658898029
1.7440000000000013 0.16180742062656306
1.7460000000000013 0.1617968084951767
1.7480000000000013 0.16178821140023414
1.7500000000000013 0.16178163519273525
1.7520000000000013 0.1617771174333591
1.7540000000000013 0.16177473415651872
1.7560000000000013 0.16177460115747955
1.7580000000000013 0.16177686522193313
1.7600000000000013 0.16178168697927925
1.7620000000000013 0.1617892174956168
1.7640000000000013 0.16179957092194674
1.7660000000000013 0.16181278466393378
1.7680000000000013 0.16182878134083517
1.7700000000000014 0.161847363747609
1.7720000000000014 0.16186822728749578
1.7740000000000014 0.16189095619132798
1.7760000000000014 0.16191502752431014
1.7780000000000014 0.1619398253535822
1.7800000000000014 0.1619646643081568
1.7820000000000014 0.16198882042066515
1.7840000000000014 0.16201156935710798
1.7860000000000014 0.16203222018822688
1.7880000000000014 0.16205014151423586
1.7900000000000014 0.1620648068255961
1.7920000000000014 0.16207581433012563
1.7940000000000014 0.1620829017214253
1.7960000000000014 0.162085952104343
1.7980000000000014 0.16208499077738242
1.8000000000000014 0.16208017357596166
1.8020000000000014 0.1620717682374691
1.8040000000000014 0.16206011962332567
1.8060000000000014 0.16204561368476955
1.8080000000000014 0.16202866379854886
1.8100000000000014 0.16200970472266285
1.8120000000000014 0.16198917640466198
1.8140000000000014 0.1619675107348939
1.8160000000000014 0.16194511734561257
1.8180000000000014 0.1619223811329607
1.8200000000000014 0.16189966397299693
1.8220000000000014 0.16187730964276925
1.8240000000000014 0.16185565151496406
1.8260000000000014 0.16183502098002484
1.8280000000000014 0.16181575461239062
1.8300000000000014 0.16179819832968462
1.8320000000000014 0.1617827072019029
1.8340000000000014 0.16176963405241013
1.8360000000000014 0.16175933496802936
1.8380000000000014 0.1617521435944555
1.8400000000000014 0.16174834997659232
1.8420000000000014 0.1617481812806177
1.8440000000000014 0.161751781595928
1.8460000000000014 0.16175919364377123
1.8480000000000014 0.16177034466935497
1.8500000000000014 0.16178503578801312
1.8520000000000014 0.16180292382755745
1.8540000000000014 0.16182351735161588
1.8560000000000014 0.1618462162620281
1.8580000000000014 0.16187036391390902
1.8600000000000014 0.16189527262851272
1.8620000000000014 0.1619202495407957
1.8640000000000014 0.1619446238140016
1.8660000000000014 0.16196777332236661
1.8680000000000014 0.1619891483456804
1.8700000000000014 0.16200829295510866
1.8720000000000014 0.16202485404048667
1.8740000000000014 0.16203857663515198
1.8760000000000014 0.16204931451150428
1.8780000000000014 0.16205701632002745
1.8800000000000014 0.16206170954121424
1.8820000000000014 0.16206348145731342
1.8840000000000015 0.16206245909557976
1.8860000000000015 0.16205879033170267
1.8880000000000015 0.16205262770640622
1.8900000000000015 0.16204411009247605
1.8920000000000015 0.1620333516177525
1.8940000000000015 0.16202045073486054
1.8960000000000015 0.1620055115103135
1.8980000000000015 0.16198865773985904
1.9000000000000015 0.1619700481220917
1.9020000000000015 0.16194989203013216
1.9040000000000015 0.1619284640159902
1.9060000000000015 0.16190611478597539
1.9080000000000015 0.16188327650880507
1.9100000000000015 0.16186046077348526
1.9120000000000015 0.16183824820131298
1.9140000000000015 0.16181726955143094
1.9160000000000015 0.16179817905564753
1.9180000000000015 0.16178162158126208
1.9200000000000015 0.1617681898123779
1.9220000000000015 0.1617584034122298
1.9240000000000015 0.16175266243304076
1.9260000000000015 0.1617512151981747
1.9280000000000015 0.1617541383889492
1.9300000000000015 0.1617613265993329
1.9320000000000015 0.161772493523418
1.9340000000000015 0.16178718544239706
1.9360000000000015 0.16180479210828785
1.9380000000000015 0.16182456088444874
1.9400000000000015 0.161845660587571
1.9420000000000015 0.1618672676383372
1.9440000000000015 0.1618886158559028
1.9460000000000015 0.16190903378544103
1.9480000000000015 0.16192797440626572
1.9500000000000015 0.1619450355422068
1.9520000000000015 0.16195996898544768
1.9540000000000015 0.16197267723799647
1.9560000000000015 0.16198320401217053
1.9580000000000015 0.1619916928428865
1.9600000000000015 0.16199836178979665
1.9620000000000015 0.16200346588288245
1.9640000000000015 0.1620072550887755
1.9660000000000015 0.16200993633111427
1.9680000000000015 0.16201164273521357
1.9700000000000015 0.16201241308716285
1.9720000000000015 0.16201218369633108
1.9740000000000015 0.16201079372168453
1.9760000000000015 0.16200800368155516
1.9780000000000015 0.16200352232657167
1.9800000000000015 0.161997041661056
1.9820000000000015 0.16198828284720024
1.9840000000000015 0.16197704695991288
1.9860000000000015 0.16196325758995572
1.9880000000000015 0.16194699487263142
1.9900000000000015 0.16192851766579008
1.9920000000000015 0.16190827108070605
1.9940000000000015 0.1618868776703462
1.9960000000000016 0.16186511199120934
1.9980000000000016 0.16184385977765298
2.0000000000000013 0.16182406443754788
2.002000000000001 0.16180666484879114
2.004000000000001 0.16179252416075668
2.0060000000000007 0.16178237957913744
2.0080000000000005 0.16177677545944924
2.0100000000000002 0.16177601886182763
2.012 0.16178014972732024
2.014 0.16178893285217966
2.0159999999999996 0.1618018697647795
2.0179999999999993 0.16181822782377897
2.019999999999999 0.16183707055633356
2.021999999999999 0.16185731012027743
2.0239999999999987 0.16187781074563906
2.0259999999999985 0.16189750097845695
2.0279999999999982 0.1619154438838098
2.029999999999998 0.16193089370267622
2.031999999999998 0.16194333788435344
2.0339999999999976 0.1619525212832187
2.0359999999999974 0.16195845607609516
2.037999999999997 0.16196138949086752
2.039999999999997 0.16196177659641797
2.0419999999999967 0.16196022863238052
2.0439999999999965 0.16195744586592475
2.0459999999999963 0.1619541442335261
2.047999999999996 0.1619509794499992
2.049999999999996 0.16194848275560803
2.0519999999999956 0.1619470166458754
2.0539999999999954 0.1619467463618599
2.055999999999995 0.16194762385905248
2.057999999999995 0.16194939207268866
2.0599999999999947 0.16195161033911754
2.0619999999999945 0.16195369743490978
2.0639999999999943 0.16195498908968342
2.065999999999994 0.1619548116432416
2.067999999999994 0.1619525630867717
2.0699999999999936 0.16194778391778086
2.0719999999999934 0.16194020987669172
2.073999999999993 0.16192980966846826
2.075999999999993 0.16191680942214665
2.0779999999999927 0.16190169659182424
2.0799999999999925 0.16188519705785176
2.0819999999999923 0.1618682291735296
2.083999999999992 0.16185183857725355
2.085999999999992 0.16183711616009033
2.0879999999999916 0.16182511513233977
2.0899999999999914 0.16181677394189353
2.091999999999991 0.1618128213271105
2.093999999999991 0.1618137158080309
2.0959999999999908 0.16181960164727915
2.0979999999999905 0.16183028852019637
2.0999999999999903 0.16184525733527605
2.10199999999999 0.16186367886218928
2.10399999999999 0.16188444764135101
2.1059999999999897 0.16190627473991265
2.1079999999999894 0.1619278224398833
2.109999999999989 0.16194779520430147
2.111999999999989 0.16196503862335088
2.1139999999999888 0.16197861680654058
2.1159999999999886 0.16198787532937808
2.1179999999999883 0.16199248039817032
2.119999999999988 0.1619924337007299
2.121999999999988 0.1619880610863597
2.1239999999999877 0.16197997587610208
2.1259999999999875 0.1619690124662792
2.1279999999999872 0.16195613720459695
2.129999999999987 0.16194237050958887
2.131999999999987 0.161928720274566
2.1339999999999866 0.1619161045297174
2.1359999999999864 0.16190527764623425
2.137999999999986 0.16189677186569668
2.139999999999986 0.16189086020151305
2.1419999999999857 0.16188754396865818
2.1439999999999855 0.16188656572547117
2.1459999999999853 0.16188744607839523
2.147999999999985 0.16188954067759037
2.149999999999985 0.1618921119594341
2.1519999999999846 0.16189440891199836
2.1539999999999844 0.16189574745889024
2.155999999999984 0.16189558403440302
2.157999999999984 0.16189357076365885
2.1599999999999837 0.1618896082128552
2.1619999999999835 0.161883856550526
2.1639999999999833 0.16187672812201664
2.165999999999983 0.16186885500007686
2.167999999999983 0.1618610370922947
2.1699999999999826 0.16185417268147106
2.1719999999999824 0.16184917787590875
2.173999999999982 0.16184690217543984
2.175999999999982 0.16184804763026095
2.1779999999999817 0.16185309874388498
2.1799999999999815 0.16186226934234083
2.1819999999999813 0.16187546617994586
2.183999999999981 0.16189226670858708
2.185999999999981 0.16191193456476455
2.1879999999999806 0.161933490769947
2.1899999999999804 0.16195577984901705
2.19199999999998 0.1619775624567042
2.19399999999998 0.16199760384029094
2.1959999999999797 0.1620147590248009
2.1979999999999795 0.16202805293252925
2.1999999999999793 0.16203674797449724
2.201999999999979 0.1620403933061058
2.203999999999979 0.1620388517627569
2.2059999999999786 0.16203230252032302
2.2079999999999784 0.16202121830101468
2.209999999999978 0.16200630844611646
2.211999999999978 0.1619884477278022
2.2139999999999778 0.1619686179351531
2.2159999999999775 0.1619478538500267
2.2179999999999773 0.16192716867784018
2.219999999999977 0.16190748173292935
2.221999999999977 0.16188955700252905
2.2239999999999767 0.16187395818224604
2.2259999999999764 0.16186102357933452
2.227999999999976 0.16185086225824735
2.229999999999976 0.16184337084382833
2.231999999999976 0.16183826857560246
2.2339999999999756 0.16183514664863557
2.2359999999999753 0.16183352670121687
2.237999999999975 0.16183291661971905
2.239999999999975 0.16183288500998222
2.2419999999999747 0.16183310299169879
2.2439999999999745 0.16183337967930717
2.2459999999999742 0.16183368493944428
2.247999999999974 0.16183415303790427
2.249999999999974 0.16183506768756845
2.2519999999999736 0.16183683032311097
2.2539999999999734 0.1618399148341676
2.255999999999973 0.16184481039459775
2.257999999999973 0.16185195743479297
2.2599999999999727 0.16186169132653982
2.2619999999999725 0.16187419866556224
2.2639999999999723 0.16188948169508066
2.265999999999972 0.16190733648597921
2.267999999999972 0.1619273489508088
2.2699999999999716 0.1619489093278682
2.2719999999999714 0.16197124682468844
2.273999999999971 0.1619934726069383
2.275999999999971 0.16201462750135737
2.2779999999999707 0.16203376004141523
2.2799999999999705 0.16204998526192826
2.2819999999999703 0.162062542521467
2.28399999999997 0.16207084454072546
2.28599999999997 0.16207451355192404
2.2879999999999696 0.16207340184283792
2.2899999999999694 0.1620675954330013
2.291999999999969 0.1620574006126982
2.293999999999969 0.16204330342152545
2.2959999999999687 0.16202591785086912
2.2979999999999685 0.16200594969983828
2.2999999999999683 0.1619841689439111
2.301999999999968 0.16196136171644743
2.303999999999968 0.16193828237716446
2.3059999999999676 0.16191561210604916
2.3079999999999674 0.16189392778132755
2.309999999999967 0.16187368319494377
2.311999999999967 0.16185520324301267
2.3139999999999668 0.16183869044641508
2.3159999999999665 0.16182424202913281
2.3179999999999663 0.16181187487849852
2.319999999999966 0.16180155509800154
2.321999999999966 0.16179322254714668
2.3239999999999656 0.16178683450399778
2.3259999999999654 0.1617823787181158
2.327999999999965 0.16177988566248563
2.329999999999965 0.16177943505026748
2.3319999999999648 0.16178115152696887
2.3339999999999645 0.1617851907770933
2.3359999999999643 0.16179171783517954
2.337999999999964 0.1618008800483986
2.339999999999964 0.1618127689772929
2.3419999999999637 0.16182737761479488
2.3439999999999634 0.16184458550414305
2.3459999999999632 0.16186416347692179
2.347999999999963 0.16188576783715525
2.349999999999963 0.16190893908112108
2.3519999999999626 0.16193311109200637
2.3539999999999623 0.1619576307932673
2.355999999999962 0.16198178657109613
2.357999999999962 0.16200484788542407
2.3599999999999617 0.16202609020839887
2.3619999999999615 0.16204484158919297
2.3639999999999612 0.16206051699448848
2.365999999999961 0.16207264851111952
2.367999999999961 0.16208090531609604
2.3699999999999606 0.1620851050009658
2.3719999999999604 0.16208521532051423
2.37399999999996 0.1620813465931249
2.37599999999996 0.16207373587377483
2.3779999999999597 0.1620627166113911
2.3799999999999595 0.16204868157551516
2.3819999999999593 0.16203206009252807
2.383999999999959 0.16201330995525487
2.385999999999959 0.16199290087126006
2.3879999999999586 0.16197129768345137
2.3899999999999584 0.1619489418940271
2.391999999999958 0.1619262450527464
2.393999999999958 0.16190358703573443
2.3959999999999577 0.161881318617473
2.3979999999999575 0.1618597681510503
2.3999999999999573 0.16183925041065317
2.401999999999957 0.16182007556502526
2.403999999999957 0.16180255634202267
2.4059999999999566 0.16178701173337856
2.4079999999999564 0.16177375996692284
2.409999999999956 0.16176312842371543
2.411999999999956 0.16175543201278236
2.4139999999999557 0.16175095516073806
2.4159999999999555 0.16174993450078395
2.4179999999999553 0.16175253923577215
2.419999999999955 0.16175885190466482
2.421999999999955 0.161768851880142
2.4239999999999546 0.1617824036054138
2.4259999999999544 0.16179923702053534
2.427999999999954 0.16181892988094637
2.429999999999954 0.16184093703655045
2.4319999999999538 0.16186464290027414
2.4339999999999535 0.16188938608256948
2.4359999999999533 0.16191448295675714
2.437999999999953 0.16193925375406243
2.439999999999953 0.1619630496989558
2.4419999999999527 0.16198527874579066
2.4439999999999524 0.16200543233915504
2.445999999999952 0.1620230898230025
2.447999999999952 0.16203793534756755
2.4499999999999518 0.16204975985047415
2.4519999999999516 0.16205845711077893
2.4539999999999513 0.16206401156448214
2.455999999999951 0.16206648214071528
2.457999999999951 0.16206598368144237
2.4599999999999507 0.16206266797357283
2.4619999999999505 0.16205670647549236
2.4639999999999502 0.16204827028441715
2.46599999999995 0.16203751215471462
2.46799999999995 0.16202456944435084
2.4699999999999496 0.1620095819893212
2.4719999999999493 0.16199270325683446
2.473999999999949 0.16197411194012112
2.475999999999949 0.1619540249936005
2.4779999999999487 0.16193271072117088
2.4799999999999485 0.1619104998777648
2.4819999999999482 0.1618877926739991
2.483999999999948 0.16186505986008837
2.485999999999948 0.16184283660485316
2.4879999999999476 0.16182170860235923
2.4899999999999474 0.16180229065548313
2.491999999999947 0.16178519881619724
2.493999999999947 0.16177101175537884
2.4959999999999467 0.1617602528972673
2.4979999999999465 0.16175334533352315
2.4999999999999463 0.1617505793876084
2.501999999999946 0.16175209061144907
2.503999999999946 0.16175784561565165
2.5059999999999456 0.16176763818430268
2.5079999999999454 0.16178109676120372
2.509999999999945 0.16179769427867635
2.511999999999945 0.1618167573704833
2.5139999999999447 0.16183750991119955
2.5159999999999445 0.161859149291824
2.5179999999999443 0.1618809071447384
2.519999999999944 0.1619020874276445
2.521999999999944 0.16192209743013808
2.5239999999999436 0.16194047108002274
2.5259999999999434 0.16195688258730906
2.527999999999943 0.1619711489593072
2.529999999999943 0.16198322696660183
2.5319999999999427 0.1619931783487067
2.5339999999999425 0.16200115066588744
2.5359999999999423 0.1620073447842859
2.537999999999942 0.16201197638295844
2.539999999999942 0.16201523970642218
2.5419999999999416 0.16201727659011705
2.5439999999999414 0.1620181537866392
2.545999999999941 0.1620178509951391
2.547999999999941 0.16201626102377997
2.5499999999999408 0.16201320233085686
2.5519999999999405 0.16200843927719527
2.5539999999999403 0.16200171090623344
2.55599999999994 0.16199277232412929
2.55799999999994 0.16198144266843306
2.5599999999999397 0.16196764571187872
2.5619999999999394 0.16195144361999686
2.563999999999939 0.1619330607505971
2.565999999999939 0.1619128945955718
2.5679999999999388 0.16189151186650558
2.5699999999999386 0.16186962898435736
2.5719999999999383 0.16184807765154868
2.573999999999938 0.16182775760368368
2.575999999999938 0.16180957991545802
2.5779999999999377 0.16179440524454985
2.5799999999999375 0.1617829758255741
2.5819999999999372 0.16177587610076455
2.583999999999937 0.16177347444879736
2.585999999999937 0.16177588898180767
2.5879999999999366 0.16178297491260152
2.5899999999999364 0.16179433007431082
2.591999999999936 0.1618093194663205
2.593999999999936 0.16182710402901285
2.5959999999999357 0.16184667629662963
2.5979999999999355 0.1618669467283565
2.5999999999999353 0.1618868562975745
2.601999999999935 0.16190545422107794
2.603999999999935 0.16192195582308305
2.6059999999999346 0.16193578693255462
2.6079999999999344 0.16194661225173262
2.609999999999934 0.1619543450575785
2.611999999999934 0.16195914300417114
2.6139999999999337 0.16196136350043633
2.6159999999999335 0.1619615267802284
2.6179999999999333 0.16196025851325296
2.619999999999933 0.1619582213511485
2.621999999999933 0.16195604530479035
2.6239999999999326 0.16195426085511982
2.6259999999999324 0.16195324609390427
2.627999999999932 0.16195319457235047
2.629999999999932 0.16195410077675276
2.6319999999999317 0.16195575984984412
2.6339999999999315 0.16195778633560726
2.6359999999999313 0.1619596500563451
2.637999999999931 0.16196073008056217
2.639999999999931 0.16196038531682083
2.6419999999999306 0.16195803001289077
2.6439999999999304 0.16195320075878938
2.64599999999993 0.1619456100775316
2.64799999999993 0.1619351879207293
2.6499999999999297 0.16192211114727012
2.6519999999999295 0.16190681256074463
2.6539999999999293 0.16188996420998908
2.655999999999929 0.1618724378194033
2.657999999999929 0.1618552455174383
2.6599999999999286 0.1618394656020798
2.6619999999999284 0.16182615319800597
2.663999999999928 0.1618162725476885
2.665999999999928 0.16181060537230135
2.6679999999999278 0.1618096810328815
2.6699999999999275 0.16181372893120965
2.6719999999999273 0.161822652500071
2.673999999999927 0.16183602817825316
2.675999999999927 0.16185312378276595
2.6779999999999267 0.16187292717136587
2.6799999999999264 0.16189421367472046
2.681999999999926 0.1619156638656864
2.683999999999926 0.16193598603478632
2.685999999999926 0.1619540036504818
2.6879999999999256 0.16196872603908857
2.6899999999999253 0.16197942843134255
2.691999999999925 0.1619856927927681
2.693999999999925 0.16198742850957892
2.6959999999999247 0.16198486782555443
2.6979999999999245 0.161978536005981
2.6999999999999242 0.16196919532574655
2.701999999999924 0.16195776270497697
2.703999999999924 0.16194522548417356
2.7059999999999236 0.1619325702196978
2.7079999999999234 0.16192071303834416
2.709999999999923 0.16191042528506483
2.711999999999923 0.16190227174424582
2.7139999999999227 0.1618965685799359
2.7159999999999225 0.16189336500179147
2.7179999999999223 0.16189245010156617
2.719999999999922 0.1618933839333262
2.721999999999922 0.1618955497288017
2.7239999999999216 0.1618982222687096
2.7259999999999214 0.16190064601280252
2.727999999999921 0.1619021157436743
2.729999999999921 0.16190205229362042
2.7319999999999207 0.16190006612326968
2.7339999999999205 0.16189599882501648
2.7359999999999203 0.1618899588736944
2.73799999999992 0.16188231377475343
2.73999999999992 0.16187366432577494
2.7419999999999196 0.16186479538064236
2.7439999999999194 0.16185661035652027
2.745999999999919 0.16185005246603268
2.747999999999919 0.16184601994844428
2.7499999999999187 0.16184528285426225
2.7519999999999185 0.1618484087394229
2.7539999999999183 0.1618557038458116
2.755999999999918 0.16186717501517955
2.757999999999918 0.16188250493790662
2.7599999999999176 0.1619010457467423
2.7619999999999174 0.1619218706231635
2.763999999999917 0.16194385966436792
2.765999999999917 0.16196577444526578
2.7679999999999167 0.16198636000054373
2.7699999999999165 0.16200442837008072
2.7719999999999163 0.1620189415652985
2.773999999999916 0.16202908386468218
2.775999999999916 0.1620343171113039
2.7779999999999156 0.16203441441719263
2.7799999999999154 0.162029469672678
2.781999999999915 0.16201988239382553
2.783999999999915 0.1620063104475411
2.7859999999999148 0.1619895964511328
2.7879999999999145 0.16197070506708905
2.7899999999999143 0.16195066948138798
2.791999999999914 0.1619305194438006
2.793999999999914 0.1619112062664026
2.7959999999999137 0.1618935367235007
2.7979999999999134 0.16187812235534516
2.7999999999999132 0.16186534828221583
2.801999999999913 0.16185536354321917
2.803999999999913 0.16184809295164576
2.8059999999999126 0.1618432685422443
2.8079999999999123 0.16184047699564358
2.809999999999912 0.1618392180896417
2.811999999999912 0.16183896547668486
2.8139999999999117 0.16183923218548962
2.8159999999999115 0.16183963565185516
2.8179999999999112 0.16183992799097885
2.819999999999911 0.16184002701762423
2.821999999999911 0.16184002599871689
2.8239999999999106 0.16184018390125976
2.8259999999999104 0.1618408975107556
2.82799999999991 0.161842658284729
2.82999999999991 0.1618459981592234
2.8319999999999097 0.16185142557152937
2.8339999999999095 0.16185935923868983
2.8359999999999093 0.16187007469144726
2.837999999999909 0.16188366673962035
2.839999999999909 0.16190002130584902
2.8419999999999086 0.16191880467834813
2.8439999999999084 0.16193947181455126
2.845999999999908 0.16196129312623642
2.847999999999908 0.16198340366392577
2.8499999999999077 0.16200484167476348
2.8519999999999075 0.16202462372381427
2.8539999999999073 0.16204181266783907
2.855999999999907 0.16205557889894434
2.857999999999907 0.16206525479087935
2.8599999999999066 0.16207037726402773
2.8619999999999064 0.16207071503195875
2.863999999999906 0.16206627862965944
2.865999999999906 0.16205731287603004
2.8679999999999057 0.16204426478406175
2.8699999999999055 0.16202773026271067
2.8719999999999053 0.16200841271662814
2.873999999999905 0.1619870926851773
2.875999999999905 0.1619645821125107
2.8779999999999046 0.16194167317207336
2.8799999999999044 0.16191909195004073
2.881999999999904 0.16189746172045844
2.883999999999904 0.16187727857297585
2.8859999999999038 0.1618589006197932
2.8879999999999035 0.16184255062633468
2.8899999999999033 0.16182833066227614
2.891999999999903 0.16181624631985475
2.893999999999903 0.16180623727076304
2.8959999999999027 0.16179820760212865
2.8979999999999024 0.16179206078153585
2.899999999999902 0.16178773635429927
2.901999999999902 0.16178521632921172
2.9039999999999018 0.16178453926308117
2.9059999999999016 0.16178580097276235
2.9079999999999013 0.16178914452689058
2.909999999999901 0.16179474098558144
2.911999999999901 0.1618027631098417
2.9139999999999007 0.1618133488096048
2.9159999999999004 0.16182655725150658
2.9179999999999002 0.1618423438660836
2.9199999999999 0.16186055598831106
2.9219999999999 0.16188092548503302
2.9239999999998996 0.16190306207618377
2.9259999999998993 0.16192645716915138
2.927999999999899 0.16195049901874436
2.929999999999899 0.1619744980119167
2.9319999999998987 0.1619977198071979
2.9339999999998985 0.16201942954004067
2.9359999999998982 0.16203891523346942
2.937999999999898 0.1620555369787139
2.939999999999898 0.1620687625371915
2.9419999999998976 0.16207819199199464
2.9439999999998974 0.16208357443662236
2.945999999999897 0.16208481496468707
2.947999999999897 0.16208197162200233
2.9499999999998967 0.16207524301715565
2.9519999999998965 0.16206494364867668
2.9539999999998963 0.16205146389135933
2.955999999999896 0.16203524468347508
2.957999999999896 0.16201676254080138
2.9599999999998956 0.16199651427757272
2.9619999999998954 0.16197499717002772
2.963999999999895 0.16195268627780973
2.965999999999895 0.16193002349329477
2.9679999999998947 0.16190741195852726
2.9699999999998945 0.16188521569857228
2.9719999999998943 0.161863764595174
2.973999999999894 0.16184336292290447
2.975999999999894 0.161824299439293
2.9779999999998936 0.16180685696752772
2.9799999999998934 0.16179131957015863
2.981999999999893 0.16177796966984564
2.983999999999893 0.1617671023778795
2.9859999999998927 0.16175900818346217
2.9879999999998925 0.16175395853881963
2.9899999999998923 0.16175219113259737
2.991999999999892 0.16175389154754033
2.993999999999892 0.16175917386763683
2.9959999999998916 0.16176806254158516
2.9979999999998914 0.16178047763384767
2.999999999999891 0.16179621519798443
3.001999999999891 0.1618149256352892
3.0039999999998908 0.1618361280961299
3.0059999999998905 0.16185925379140942
3.0079999999998903 0.16188367484946364
3.00999999999989 0.16190872565293052
3.01199999999989 0.16193372719575233
3.0139999999998897 0.16195801384268488
3.0159999999998894 0.16198096026016479
3.017999999999889 0.16200200605806347
3.019999999999889 0.16202068202466158
3.0219999999998888 0.16203660856329977
3.0239999999998886 0.16204951292037018
3.0259999999998883 0.1620592311169582
3.027999999999888 0.16206569955332545
3.029999999999888 0.16206894207705297
3.0319999999998877 0.16206905348413908
3.0339999999998875 0.1620661812060224
3.0359999999998872 0.16206050718987075
3.037999999999887 0.16205222706540778
3.039999999999887 0.16204152810169908
3.0419999999998866 0.1620285851909105
3.0439999999998864 0.1620135731612714
3.045999999999886 0.16199667638177773
3.047999999999886 0.16197809680862651
3.0499999999998857 0.16195806395467016
3.0519999999998855 0.16193684601276842
3.0539999999998853 0.16191476040431568
3.055999999999885 0.1618921817483278
3.057999999999885 0.16186954536060255
3.0599999999998846 0.16184734477984541
3.0619999999998844 0.16182612240663258
3.063999999999884 0.16180645306368752
3.065999999999884 0.16178892106544057
3.0679999999998837 0.16177408922003805
3.0699999999998835 0.16176247085013246
3.0719999999998833 0.16175450712827522
3.073999999999883 0.16175052218802083
3.075999999999883 0.16175070226822436
3.0779999999998826 0.16175507873228945
3.0799999999998824 0.1617635198420908
3.081999999999882 0.16177573279891888
3.083999999999882 0.1617912726521203
3.0859999999998817 0.16180954676130166
3.0879999999998815 0.16182983863924427
3.0899999999998813 0.16185137409742195
3.091999999999881 0.16187339156469444
3.093999999999881 0.16189518016779492
3.0959999999998806 0.16191611128284444
3.0979999999998804 0.16193566398901782
3.09999999999988 0.16195344254196886
3.10199999999988 0.1619691840917964
3.1039999999998797 0.16198275861019928
3.1059999999998795 0.16199415294885383
3.1079999999998793 0.1620034395582004
3.109999999999879 0.16201076066584613
3.111999999999879 0.16201629160286868
3.1139999999998786 0.162020206760271
3.1159999999998784 0.16202264904749447
3.117999999999878 0.1620237057979496
3.119999999999878 0.1620233936493723
3.1219999999998778 0.162021654127524
3.1239999999998775 0.16201836069578157
3.1259999999998773 0.16201333265520013
3.127999999999877 0.16200635779693895
3.129999999999877 0.16199722847444303
3.1319999999998767 0.16198578660396196
3.1339999999998764 0.1619719619156399
3.135999999999876 0.16195580483634725
3.137999999999876 0.16193751122834
3.139999999999876 0.16191743606835696
3.1419999999998756 0.16189609383827858
3.1439999999998753 0.16187414449206733
3.145999999999875 0.16185236516215312
3.147999999999875 0.16183160911805705
3.1499999999998747 0.1618127547533741
3.1519999999998745 0.16179664842822616
3.1539999999998742 0.1617840427931767
3.155999999999874 0.16177554480522338
3.157999999999874 0.1617715777420844
3.1599999999998736 0.16177233065158964
3.1619999999998734 0.16177774368514913
3.163999999999873 0.16178750770749645
3.165999999999873 0.16180108191452225
3.1679999999998727 0.16181772162473523
3.1699999999998725 0.16183650848208858
3.1719999999998723 0.1618564133777476
3.173999999999872 0.16187639804291443
3.175999999999872 0.16189550622450588
3.1779999999998716 0.16191292282571507
3.1799999999998714 0.16192802005782297
3.181999999999871 0.16194038925777704
3.183999999999871 0.1619498557516219
3.1859999999998707 0.16195647794409823
3.1879999999998705 0.16196052233782682
3.1899999999998703 0.16196241542070117
3.19199999999987 0.16196270419590636
3.19399999999987 0.16196199084195118
3.1959999999998696 0.16196086718485803
3.1979999999998694 0.16195985226140425
3.199999999999869 0.16195933753735953
3.201999999999869 0.16195954580508476
3.2039999999998687 0.1619605108944377
3.2059999999998685 0.16196207656920736
3.2079999999998683 0.16196390971506142
3.209999999999868 0.16196553206391334
3.211999999999868 0.16196637163371647
3.2139999999998676 0.16196582668339626
3.2159999999998674 0.1619633333958998
3.217999999999867 0.16195843043536112
3.219999999999867 0.16195081281340923
3.2219999999998667 0.16194037666759376
3.2239999999998665 0.16192725322551654
3.2259999999998663 0.16191182226586953
3.227999999999866 0.16189470129081063
3.229999999999866 0.16187671227359957
3.2319999999998656 0.16185882848350014
3.2339999999998654 0.16184210551245987
3.235999999999865 0.16182760205097269
3.237999999999865 0.16181629074616283
3.2399999999998648 0.1618089959483041
3.2419999999998645 0.16180631228088793
3.2439999999998643 0.16180854919955695
3.245999999999864 0.16181570068890555
3.247999999999864 0.1618274380256221
3.2499999999998637 0.16184312758064295
3.2519999999998634 0.1618618547077117
3.2539999999998632 0.16188246679129814
3.255999999999863 0.1619036779371114
3.257999999999863 0.16192420133270546
3.2599999999998626 0.1619428439227067
3.2619999999998623 0.1619585839239614
3.263999999999862 0.1619706294543718
3.265999999999862 0.16197848299774575
3.2679999999998617 0.1619819643785375
3.2699999999998615 0.16198121242329555
3.2719999999998612 0.16197666190579108
3.273999999999861 0.16196899741848697
3.275999999999861 0.16195907927149888
3.2779999999998606 0.16194785437111858
3.2799999999998604 0.16193628087806233
3.28199999999986 0.16192526512462957
3.28399999999986 0.16191558824304875
3.2859999999998597 0.16190784186459511
3.2879999999998595 0.16190238164759624
3.2899999999998593 0.16189930339839465
3.291999999999859 0.1618984438821902
3.293999999999859 0.16189940601964808
3.2959999999998586 0.16190160594233138
3.2979999999998584 0.16190433742980154
3.299999999999858 0.16190684771172703
3.301999999999858 0.16190841761500985
3.3039999999998577 0.1619084378926698
3.3059999999998575 0.16190647590145263
3.3079999999998573 0.16190232898782403
3.309999999999857 0.16189605120771233
3.311999999999857 0.16188795869910005
3.3139999999998566 0.16187861943236448
3.3159999999998564 0.16186879688949818
3.317999999999856 0.16185939159236623
3.319999999999856 0.16185136502281505
3.3219999999998557 0.1618456553647616
3.3239999999998555 0.16184309272118297
3.3259999999998553 0.16184432132667143
3.327999999999855 0.16184973563113414
3.329999999999855 0.16185943593667035
3.3319999999998546 0.16187320393354926
3.3339999999998544 0.16189049136492695
3.335999999999854 0.16191044807323168
3.337999999999854 0.1619319841226678
3.3399999999998538 0.16195387821624374
3.3419999999998535 0.16197486332667105
3.3439999999998533 0.16199371674685542
3.345999999999853 0.16200934494014485
3.347999999999853 0.1620208597576716
3.3499999999998527 0.1620276392114628
3.3519999999998524 0.16202936762842607
3.353999999999852 0.16202605194724334
3.355999999999852 0.16201801305143337
3.3579999999998518 0.1620058478417437
3.3599999999998515 0.16199036120645133
3.3619999999998513 0.16197249693950067
3.363999999999851 0.1619532793334209
3.365999999999851 0.1619337473062858
3.3679999999998507 0.16191487789290615
3.3699999999998504 0.16189751617551051
3.3719999999998502 0.161882319248078
3.37399999999985 0.1618697190795545
3.37599999999985 0.1618599069471106
3.3779999999998496 0.16185284002830502
3.3799999999998493 0.16184826874399466
3.381999999999849 0.16184578163643992
3.383999999999849 0.16184486308230167
3.3859999999998487 0.16184495809435573
3.3879999999998485 0.16184553196123824
3.3899999999998482 0.16184614587443213
3.391999999999848 0.1618464970876768
3.393999999999848 0.16184645030231432
3.3959999999998476 0.16184605425614285
3.3979999999998474 0.16184553768700793
3.399999999999847 0.16184528585451824
3.401999999999847 0.1618458001650011
3.4039999999998467 0.16184764483754877
3.4059999999998465 0.1618513856403948
3.4079999999998463 0.16185752219582006
3.409999999999846 0.1618664216761288
3.411999999999846 0.1618782702108184
3.4139999999998456 0.16189304425022194
3.4159999999998454 0.16191049363625026
3.417999999999845 0.16193014354432078
3.419999999999845 0.16195131580155453
3.4219999999998447 0.1619731741027735
3.4239999999998445 0.16199476046965888
3.4259999999998443 0.16201507036982327
3.427999999999844 0.1620331226777189
3.429999999999844 0.16204802473355062
3.4319999999998436 0.16205903208375316
3.4339999999998434 0.16206559733895587
3.435999999999843 0.16206740415073712
3.437999999999843 0.16206438381451194
3.4399999999998427 0.16205671358037094
3.4419999999998425 0.1620447924357603
3.4439999999998423 0.16202919197008275
3.445999999999842 0.1620106082885267
3.447999999999842 0.1619898263283847
3.4499999999998416 0.16196767849286697
3.4519999999998414 0.16194499101305437
3.453999999999841 0.16192253311714444
3.455999999999841 0.1619009748241702
3.4579999999998408 0.16188085687015746
3.4599999999998405 0.1618625746116238
3.4619999999998403 0.1618463762779233
3.46399999999984 0.16183237458808858
3.46599999999984 0.1618205695621518
3.4679999999998397 0.16181087942361339
3.4699999999998394 0.1618031711838428
3.471999999999839 0.16179730755783328
3.473999999999839 0.16179317323580633
3.4759999999998388 0.16179069959213588
3.4779999999998386 0.16178987971607278
3.4799999999998383 0.1617907745771176
3.481999999999838 0.16179350744644005
3.483999999999838 0.16179824771817602
3.4859999999998377 0.16180518607938843
3.4879999999998375 0.16181449991914537
3.4899999999998372 0.16182630892368144
3.491999999999837 0.161840641352066
3.493999999999837 0.16185742120574492
3.4959999999998366 0.16187645860453748
3.4979999999998364 0.1618974375022495
3.499999999999836 0.16191991382167176
3.501999999999836 0.16194332561089186
3.5039999999998357 0.16196701453824558
3.5059999999998355 0.1619902567979699
3.5079999999998353 0.16201230680863482
3.509999999999835 0.16203242185705768
3.511999999999835 0.16204991422115955
3.5139999999998346 0.1620641909884687
3.5159999999998344 0.16207478385861618
3.517999999999834 0.16208137145014911
3.519999999999834 0.1620837918648516
3.5219999999998337 0.16208204467563803
3.5239999999998335 0.1620762825980554
3.5259999999998333 0.1620667921091607
3.527999999999833 0.1620539563753215
3.529999999999833 0.16203821992107564
3.5319999999998326 0.16202007294130755
3.5339999999998324 0.16200003709557398
3.535999999999832 0.1619786391008053
3.537999999999832 0.16195638842860216
3.5399999999998317 0.16193376058230258
3.5419999999998315 0.16191118677864808
3.5439999999998313 0.16188905022505684
3.545999999999831 0.16186768876983043
3.547999999999831 0.16184740243211032
3.5499999999998306 0.1618284639125142
3.5519999999998304 0.16181112997573738
3.55399999999983 0.16179565161517884
3.55599999999983 0.16178227824786678
3.5579999999998297 0.1617712633363927
3.5599999999998295 0.16176287087739488
3.5619999999998293 0.16175735298083
3.563999999999829 0.16175494055543038
3.565999999999829 0.16175582709969544
3.5679999999998286 0.16176014996313748
3.5699999999998284 0.1617679713562351
3.571999999999828 0.16177926131481152
3.573999999999828 0.1617938781016538
3.5759999999998278 0.1618115435351996
3.5779999999998275 0.1618318432615396
3.5799999999998273 0.1618542606905286
3.581999999999827 0.1618782090392289
3.583999999999827 0.16190304984661036
3.5859999999998267 0.16192811491100073
3.5879999999998264 0.16195273191142717
3.589999999999826 0.16197625174730024
3.591999999999826 0.16199807511440173
3.593999999999826 0.16201768198810856
3.5959999999998256 0.16203463430169135
3.5979999999998253 0.16204859810472838
3.599999999999825 0.16205935048574854
3.601999999999825 0.16206677582998463
3.6039999999998247 0.16207085677971006
3.6059999999998245 0.16207166051071364
3.6079999999998242 0.16206932183301187
3.609999999999824 0.16206402501042344
3.611999999999824 0.16205598276400845
3.6139999999998236 0.16204541163082953
3.6159999999998234 0.16203252072154078
3.617999999999823 0.16201751640041812
3.619999999999823 0.16200061665932325
3.6219999999998227 0.16198204964389462
3.6239999999998225 0.16196206146260483
3.6259999999998223 0.16194092586164144
3.627999999999822 0.16191895337336376
3.629999999999822 0.1618964994617964
3.6319999999998216 0.16187396969327167
3.6339999999998214 0.1618518202520507
3.635999999999821 0.16183055259381185
3.637999999999821 0.16181070165183487
3.6399999999998207 0.1617928177236826
3.6419999999998205 0.1617774399685164
3.6439999999998203 0.16176507213708863
3.64599999999982 0.16175616248042918
3.64799999999982 0.16175105997433514
3.6499999999998196 0.1617499928814764
3.6519999999998194 0.16175304957175696
3.653999999999819 0.16176016661261333
3.655999999999819 0.16177112593238707
3.6579999999998187 0.16178556189309967
3.6599999999998185 0.16180296293149266
3.6619999999998183 0.16182267718857912
3.663999999999818 0.16184396782713972
3.665999999999818 0.16186608873820124
3.6679999999998176 0.1618883237419646
3.6699999999998174 0.16191001811217315
3.671999999999817 0.1619306054319064
3.673999999999817 0.16194962815285818
3.6759999999998167 0.16196674987443632
3.6779999999998165 0.16198176272167153
3.6799999999998163 0.16199456891599906
3.681999999999816 0.162005171205635
3.683999999999816 0.16201364938616952
3.6859999999998156 0.16202013277795324
3.6879999999998154 0.1620247688685153
3.689999999999815 0.1620276938826496
3.691999999999815 0.1620290080117115
3.6939999999998148 0.16202875787222382
3.6959999999998145 0.16202692814933478
3.6979999999998143 0.162023443498862
3.699999999999814 0.16201817709931426
3.701999999999814 0.1620109663175427
3.7039999999998137 0.16200164387184157
3.7059999999998134 0.16199007884029337
3.7079999999998132 0.1619762124806936
3.709999999999813 0.16196008966873693
3.711999999999813 0.16194188389110714
3.7139999999998126 0.1619219129632733
3.7159999999998123 0.1619006430927411
3.717999999999812 0.16187867982309811
3.719999999999812 0.1618567455579556
3.7219999999998117 0.16183564462606675
3.7239999999998115 0.1618162180771916
3.7259999999998112 0.1617992914695685
3.727999999999811 0.16178561677301762
3.729999999999811 0.16177582223119769
3.7319999999998106 0.16177037430424573
3.7339999999998104 0.1617695250425022
3.73599999999981 0.16177329344767466
3.73799999999981 0.16178145957611584
3.7399999999998097 0.16179357555944968
3.7419999999998095 0.16180899243140134
3.7439999999998093 0.16182688489178
3.745999999999809 0.16184629099849585
3.747999999999809 0.1618662022147011
3.7499999999998086 0.1618856667414421
3.7519999999998084 0.16190384910858047
3.753999999999808 0.16192007729748087
3.755999999999808 0.16193387728348668
3.7579999999998077 0.16194499245179877
3.7599999999998075 0.1619533858478876
3.7619999999998073 0.1619592306755368
3.763999999999807 0.16196286315778402
3.765999999999807 0.16196474589987353
3.7679999999998066 0.16196541398419578
3.7699999999998064 0.1619654128519578
3.771999999999806 0.1619652379860005
3.773999999999806 0.16196528127028048
3.7759999999998057 0.16196578882255108
3.7779999999998055 0.16196683424540753
3.7799999999998053 0.16196830991780792
3.781999999999805 0.16196993733604448
3.783999999999805 0.1619712957732075
3.7859999999998046 0.1619718668211662
3.7879999999998044 0.16197109086522188
3.789999999999804 0.16196843035920683
3.791999999999804 0.161963431445997
3.7939999999998038 0.16195577721490256
3.7959999999998035 0.16194533512453052
3.7979999999998033 0.1619321948036277
3.799999999999803 0.1619166850987539
3.801999999999803 0.16189936871293859
3.8039999999998027 0.16188101513995928
3.8059999999998024 0.1618625537129511
3.807999999999802 0.16184501025756198
3.809999999999802 0.16182943233389652
3.8119999999998018 0.16181680621986422
3.8139999999998015 0.1618079817433552
3.8159999999998013 0.1618036110882044
3.817999999999801 0.16180407658092988
3.819999999999801 0.1618094582266723
3.8219999999998007 0.16181952047177184
3.8239999999998004 0.16183372296172704
3.8259999999998002 0.16185124522808275
3.8279999999998 0.1618710219657175
3.8299999999998 0.16189182490671045
3.8319999999997996 0.16191238468884095
3.8339999999997993 0.16193149726656758
3.835999999999799 0.16194810898139878
3.837999999999799 0.1619613831610961
3.8399999999997987 0.16197074443356568
3.8419999999997985 0.1619759258566053
3.8439999999997982 0.16197697342848255
3.845999999999798 0.161974229406465
3.847999999999798 0.1619682926934971
3.8499999999997976 0.16195995557901421
3.8519999999997974 0.16195011923639674
3.853999999999797 0.16193971248683342
3.855999999999797 0.1619296241380983
3.8579999999997967 0.16192063690118502
3.8599999999997965 0.16191336218484287
3.8619999999997963 0.16190819009094493
3.863999999999796 0.16190526046910286
3.865999999999796 0.1619044578770737
3.8679999999997956 0.1619054307967407
3.8699999999997954 0.16190763318503104
3.871999999999795 0.16191038442165318
3.873999999999795 0.16191294207082885
3.8759999999997947 0.1619145807289944
3.8779999999997945 0.1619146682218749
3.8799999999997943 0.16191273456404676
3.881999999999794 0.16190853155633572
3.883999999999794 0.16190206809688557
3.8859999999997936 0.16189361257385199
3.8879999999997934 0.16188368203343895
3.889999999999793 0.1618730162476688
3.891999999999793 0.16186250539322183
3.8939999999997927 0.16185312023842596
3.8959999999997925 0.16184582953270882
3.8979999999997923 0.16184151461841922
3.899999999999792 0.16184088900991261
3.901999999999792 0.16184443008736976
3.9039999999997916 0.16185232897462593
3.9059999999997914 0.16186446311341196
3.907999999999791 0.16188038348792505
3.909999999999791 0.16189931933540158
3.9119999999997908 0.1619202429860454
3.9139999999997905 0.16194195276571455
3.9159999999997903 0.1619631781078557
3.91799999999979 0.16198267066912558
3.91999999999979 0.16199928992999202
3.9219999999997897 0.16201208240042186
3.9239999999997894 0.16202034716600322
3.925999999999789 0.16202368204362833
3.927999999999789 0.16202200648789272
3.9299999999997888 0.16201555950106933
3.9319999999997886 0.16200487136461572
3.9339999999997883 0.16199070190467973
3.935999999999788 0.16197396576428813
3.937999999999788 0.16195566976236692
3.9399999999997877 0.16193685375013006
3.9419999999997875 0.16191851332267326
3.9439999999997872 0.16190152641243832
3.945999999999787 0.16188659237638703
3.947999999999787 0.16187418915488527
3.9499999999997866 0.16186455180859421
3.9519999999997864 0.16185767362091946
3.953999999999786 0.16185332889827514
3.955999999999786 0.16185111469562263
3.9579999999997857 0.16185050707549997
3.9599999999997855 0.16185092630156933
3.9619999999997852 0.16185180179960967
3.963999999999785 0.16185263905262054
3.965999999999785 0.16185308316817965
3.9679999999997846 0.1618529449711697
3.9699999999997844 0.16185222569923802
3.971999999999784 0.1618511187718144
3.973999999999784 0.1618499911051824
3.9759999999997837 0.16184934610236174
3.9779999999997835 0.16184977192912153
3.9799999999997833 0.1618518799443714
3.981999999999783 0.1618562389987303
3.983999999999783 0.16186330701395696
3.9859999999997826 0.16187336689037546
3.9879999999997824 0.1618864857853694
3.989999999999782 0.16190249885732072
3.991999999999782 0.16192100583725605
3.9939999999997817 0.16194138663687419
3.9959999999997815 0.16196284196285027
3.9979999999997813 0.161984426881646
3.999999999999781 0.1620051250855557
4.001999999999781 0.16202392001974597
4.003999999999781 0.16203986302847645
4.005999999999781 0.1620521378135053
4.007999999999781 0.1620601152064725
4.00999999999978 0.16206339372401446
4.01199999999978 0.16206182282921017
4.01399999999978 0.16205550739846125
4.01599999999978 0.16204479193492516
4.0179999999997795 0.1620302163316129
4.019999999999779 0.1620124617449527
4.021999999999779 0.16199231015319693
4.023999999999779 0.16197060799441876
4.025999999999779 0.1619482106374962
4.027999999999778 0.16192592745606188
4.029999999999778 0.16190447436191407
4.031999999999778 0.16188443803221308
4.033999999999778 0.16186625429547757
4.0359999999997775 0.16185020159779856
4.037999999999777 0.16183640902536744
4.039999999999777 0.16182487705239146
4.041999999999777 0.16181550810109602
4.043999999999777 0.1618081432213978
4.045999999999776 0.16180259478150744
4.047999999999776 0.16179869847494777
4.049999999999776 0.16179633474590244
4.051999999999776 0.1617954482698276
4.053999999999776 0.16179606014442138
4.055999999999775 0.1617982672860443
4.057999999999775 0.1618022299574608
4.059999999999775 0.1618081490987721
4.061999999999775 0.16181623412530133
4.0639999999997745 0.161826658645208
4.065999999999774 0.16183951945659997
4.067999999999774 0.16185481599839618
4.069999999999774 0.1618724379245845
4.071999999999774 0.16189214713232974
4.073999999999773 0.161913569971938
4.075999999999773 0.16193620198308006
4.077999999999773 0.16195942501423055
4.079999999999773 0.16198253519102335
4.0819999999997725 0.16200478535290946
4.083999999999772 0.1620254101929578
4.085999999999772 0.16204368066933866
4.087999999999772 0.1620589475363382
4.089999999999772 0.16207067598551333
4.091999999999771 0.16207847347752313
4.093999999999771 0.16208210801463918
4.095999999999771 0.16208151551098404
4.097999999999771 0.16207679605118613
4.0999999999997705 0.1620681999024744
4.10199999999977 0.16205609500795226
4.10399999999977 0.1620409239437705
4.10599999999977 0.16202318427443324
4.10799999999977 0.16200341693317782
4.109999999999769 0.16198217842034163
4.111999999999769 0.1619600116307967
4.113999999999769 0.1619374273724012
4.115999999999769 0.161914888628018
4.1179999999997685 0.16189280296489644
4.119999999999768 0.1618715222443935
4.121999999999768 0.16185134845416949
4.123999999999768 0.1618325439303681
4.125999999999768 0.16181534387955326
4.127999999999767 0.1617999689851547
4.129999999999767 0.16178663116586361
4.131999999999767 0.16177555232520313
4.133999999999767 0.1617669591159564
4.1359999999997665 0.16176107855094246
4.137999999999766 0.16175812734990686
4.139999999999766 0.16175829859142626
4.141999999999766 0.16176174439219843
4.143999999999766 0.16176855684348396
4.145999999999765 0.16177874942652315
4.147999999999765 0.1617922377723055
4.149999999999765 0.16180881242702644
4.151999999999765 0.16182812617259373
4.1539999999997645 0.16184971883317056
4.155999999999764 0.16187305134881685
4.157999999999764 0.16189752092153448
4.159999999999764 0.16192247990704883
4.161999999999764 0.16194725956789424
4.1639999999997634 0.16197119703521362
4.165999999999763 0.16199366304538254
4.167999999999763 0.16201409083659746
4.169999999999763 0.16203199538274188
4.171999999999763 0.1620469808750482
4.173999999999762 0.162058764682402
4.175999999999762 0.16206717603076704
4.177999999999762 0.16207215105954653
4.179999999999762 0.16207372235920708
4.1819999999997615 0.16207200414447287
4.183999999999761 0.1620671747606463
4.185999999999761 0.16205945646578357
4.187999999999761 0.16204908898266435
4.189999999999761 0.1620363111754214
4.19199999999976 0.1620213599678278
4.19399999999976 0.162004482404623
4.19599999999976 0.16198593644865844
4.19799999999976 0.1619659892497316
4.1999999999997595 0.16194492511015374
4.201999999999759 0.16192305386265687
4.203999999999759 0.16190071836604625
4.205999999999759 0.16187830057435681
4.207999999999759 0.16185622433545604
4.209999999999758 0.16183495346735782
4.211999999999758 0.1618149841844247
4.213999999999758 0.1617968315806137
4.215999999999758 0.1617810055462961
4.2179999999997575 0.1617680001718264
4.219999999999757 0.16175825908893204
4.221999999999757 0.1617521483350287
4.223999999999757 0.16174992969853974
4.225999999999757 0.1617517403784236
4.227999999999756 0.16175757822843567
4.229999999999756 0.16176729472984835
4.231999999999756 0.1617805969158626
4.233999999999756 0.1617970484627319
4.2359999999997555 0.1618160701384132
4.237999999999755 0.16183697722313345
4.239999999999755 0.1618590464850927
4.241999999999755 0.16188156442897245
4.243999999999755 0.1619038590620624
4.245999999999754 0.1619253275362001
4.247999999999754 0.16194545897220525
4.249999999999754 0.16196385052468154
4.251999999999754 0.16198021507804394
4.2539999999997535 0.16199438580120912
4.255999999999753 0.1620062905902107
4.257999999999753 0.16201594351010412
4.259999999999753 0.1620234229456637
4.261999999999753 0.1620288430566334
4.263999999999752 0.16203232596407274
4.265999999999752 0.16203397697358018
4.267999999999752 0.16203386532719322
4.269999999999752 0.16203201257996752
4.2719999999997516 0.16202838998057523
4.273999999999751 0.16202292195893953
4.275999999999751 0.1620154954977493
4.277999999999751 0.1620059855187344
4.279999999999751 0.16199429167927104
4.2819999999997505 0.1619803716628027
4.28399999999975 0.16196427066527724
4.28599999999975 0.16194614599562573
4.28799999999975 0.16192628413618876
4.28999999999975 0.16190510781072864
4.291999999999749 0.16188317133442265
4.293999999999749 0.16186114353812664
4.295999999999749 0.16183977871868915
4.297999999999749 0.16181987724147262
4.2999999999997485 0.1618022384920071
4.301999999999748 0.16178760973265377
4.303999999999748 0.1617766287990433
4.305999999999748 0.16176979436535094
4.307999999999748 0.16176741599933486
4.309999999999747 0.16176958571942884
4.311999999999747 0.16177616819726565
4.313999999999747 0.16178680598586548
4.315999999999747 0.16180094064649603
4.3179999999997465 0.16181783708859837
4.319999999999746 0.16183661168313362
4.321999999999746 0.16185630379036242
4.323999999999746 0.16187597417938
4.325999999999746 0.16189477478795122
4.327999999999745 0.1619119972101743
4.329999999999745 0.16192710940731314
4.331999999999745 0.1619397789534081
4.333999999999745 0.16194988067509408
4.3359999999997445 0.16195749048890562
4.337999999999744 0.16196285769004976
4.339999999999744 0.16196635692497252
4.341999999999744 0.16196845165788448
4.343999999999744 0.16196963463224306
4.345999999999743 0.16197037044707563
4.347999999999743 0.16197104293704506
4.349999999999743 0.16197191203218603
4.351999999999743 0.1619730841416614
4.3539999999997425 0.16197449896845784
4.355999999999742 0.16197593419838757
4.357999999999742 0.16197702787340373
4.359999999999742 0.16197731661021908
4.361999999999742 0.1619762863122286
4.363999999999741 0.161973430785039
4.365999999999741 0.16196830946474083
4.367999999999741 0.16196059993763096
4.369999999999741 0.16195014707174055
4.3719999999997405 0.16193700378149478
4.37399999999974 0.16192145112652057
4.37599999999974 0.16190399801422412
4.37799999999974 0.16188536011125126
4.37999999999974 0.1618664191297044
4.381999999999739 0.1618481653479386
4.383999999999739 0.16183162776798926
4.385999999999739 0.1618177975158706
4.387999999999739 0.16180754460532287
4.3899999999997386 0.16180156442454358
4.391999999999738 0.16180030712586269
4.393999999999738 0.16180393431722268
4.395999999999738 0.16181230115424572
4.397999999999738 0.16182496074744673
4.3999999999997375 0.1618411885016386
4.401999999999737 0.16186001219435248
4.403999999999737 0.16188026946608847
4.405999999999737 0.16190071800250738
4.407999999999737 0.1619201557653221
4.409999999999736 0.16193750405719765
4.411999999999736 0.16195188119841208
4.413999999999736 0.16196265575610463
4.415999999999736 0.16196947480665685
4.4179999999997355 0.16197229309377031
4.419999999999735 0.16197135966659976
4.421999999999735 0.16196718464030085
4.423999999999735 0.16196048602450103
4.425999999999735 0.16195211209159227
4.427999999999734 0.1619429552445219
4.429999999999734 0.16193387910472173
4.431999999999734 0.16192566023780264
4.433999999999734 0.16191892307616973
4.4359999999997335 0.16191408706985722
4.437999999999733 0.16191133315138462
4.439999999999733 0.16191059309719247
4.441999999999733 0.16191156277720098
4.443999999999733 0.1619137379813101
4.445999999999732 0.16191646944632765
4.447999999999732 0.1619190319757874
4.449999999999732 0.16192070095674949
4.451999999999732 0.16192082769890304
4.4539999999997315 0.16191891161578803
4.455999999999731 0.16191466419050043
4.457999999999731 0.16190804798847558
4.459999999999731 0.1618992861040044
4.461999999999731 0.16188885095984734
4.46399999999973 0.16187743868815208
4.46599999999973 0.1618659260467611
4.46799999999973 0.16185528544725197
4.46999999999973 0.16184650757332036
4.4719999999997295 0.16184051647745074
4.473999999999729 0.16183808741123712
4.475999999999729 0.1618397748654078
4.477999999999729 0.1618458572558455
4.479999999999729 0.16185630323115507
4.481999999999728 0.1618707591771767
4.483999999999728 0.16188854911018857
4.485999999999728 0.16190871092713882
4.487999999999728 0.16193008087581656
4.4899999999997275 0.16195139185142787
4.491999999999727 0.16197137895938357
4.493999999999727 0.16198886323553852
4.495999999999727 0.16200283313333014
4.497999999999727 0.16201251417997786
4.499999999999726 0.16201742065326058
4.501999999999726 0.16201738485236034
4.503999999999726 0.16201256159165267
4.505999999999726 0.16200340774377892
4.507999999999726 0.16199062993103552
4.509999999999725 0.16197510718618735
4.511999999999725 0.16195782437535627
4.513999999999725 0.16193981466625668
4.515999999999725 0.1619220848636868
4.5179999999997245 0.16190553970756622
4.519999999999724 0.16189091670994327
4.521999999999724 0.1618787379518034
4.523999999999724 0.16186928281468582
4.525999999999724 0.16186258344821364
4.527999999999723 0.16185844266886135
4.529999999999723 0.16185647199833086
4.531999999999723 0.16185614581043523
4.533999999999723 0.16185686619796286
4.5359999999997225 0.16185803230648377
4.537999999999722 0.16185910159115863
4.539999999999722 0.16185966419051423
4.541999999999722 0.1618594788862065
4.543999999999722 0.16185849800310176
4.545999999999721 0.16185687575764507
4.547999999999721 0.16185495492059887
4.549999999999721 0.16185323376417549
4.551999999999721 0.1618523166237663
4.5539999999997205 0.16185285273266026
4.55599999999972 0.1618554689782048
4.55799999999972 0.16186070273501346
4.55999999999972 0.16186893548779407
4.56199999999972 0.16188033403754054
4.563999999999719 0.16189482090806234
4.565999999999719 0.16191207325136797
4.567999999999719 0.16193153412598005
4.569999999999719 0.16195244498248607
4.5719999999997185 0.16197388931099532
4.573999999999718 0.16199484419463228
4.575999999999718 0.16201426537668212
4.577999999999718 0.1620311550651959
4.579999999999718 0.16204463033757877
4.581999999999717 0.16205398333519377
4.583999999999717 0.16205872815004746
4.585999999999717 0.16205863073344123
4.587999999999717 0.16205371972971355
4.5899999999997165 0.16204427780978647
4.591999999999716 0.16203080523382435
4.593999999999716 0.16201396206464336
4.595999999999716 0.16199452329291886
4.597999999999716 0.16197334336005287
4.599999999999715 0.16195130154190268
4.601999999999715 0.1619292437107353
4.603999999999715 0.1619079299900446
4.605999999999715 0.1618879933875445
4.6079999999997145 0.16186991253732114
4.609999999999714 0.1618540000543603
4.611999999999714 0.16184040647670822
4.613999999999714 0.16182913835344104
4.615999999999714 0.16182008781424695
4.6179999999997134 0.16181307001877898
4.619999999999713 0.16180785828016475
4.621999999999713 0.16180423996953597
4.623999999999713 0.16180204296203765
4.625999999999713 0.16180116066427025
4.627999999999712 0.1618015698142929
4.629999999999712 0.1618033350095071
4.631999999999712 0.1618066003889599
4.633999999999712 0.16181156973421656
4.6359999999997115 0.1618184770449445
4.637999999999711 0.16182754299166047
4.639999999999711 0.16183892807005096
4.641999999999711 0.16185270513302003
4.643999999999711 0.16186884371868765
4.64599999999971 0.16188718638903044
4.64799999999971 0.16190743487128617
4.64999999999971 0.1619291490381099
4.65199999999971 0.16195175913766802
4.6539999999997095 0.16197459017770988
4.655999999999709 0.16199689918302113
4.657999999999709 0.1620179134081624
4.659999999999709 0.16203686609463125
4.661999999999709 0.1620530561569945
4.663999999999708 0.1620658847444687
4.665999999999708 0.16207488827732663
4.667999999999708 0.16207976242232097
4.669999999999708 0.1620803750866765
4.6719999999997075 0.16207676770365526
4.673999999999707 0.16206914517065996
4.675999999999707 0.16205784946688323
4.677999999999707 0.1620433182674414
4.679999999999707 0.1620260554681478
4.681999999999706 0.16200661541970546
4.683999999999706 0.16198557869637897
4.685999999999706 0.16196352227906707
4.687999999999706 0.16194099330465966
4.6899999999997055 0.16191848941596843
4.691999999999705 0.16189644700103517
4.693999999999705 0.16187523745121035
4.695999999999705 0.16185517066168842
4.697999999999705 0.16183650428244678
4.699999999999704 0.16181945671804754
4.701999999999704 0.16180422160100816
4.703999999999704 0.16179098143673099
4.705999999999704 0.16177991228914862
4.7079999999997035 0.16177120575982362
4.709999999999703 0.16176505960338322
4.711999999999703 0.161761670020093
4.713999999999703 0.16176122208350308
4.715999999999703 0.16176387463394942
4.717999999999702 0.16176974191260524
4.719999999999702 0.16177887416037118
4.721999999999702 0.16179123907561194
4.723999999999702 0.16180669250514157
4.7259999999997016 0.16182495404528752
4.727999999999701 0.161845623063967
4.729999999999701 0.161868213757708
4.731999999999701 0.16189216647202853
4.733999999999701 0.16191686300192648
4.7359999999997004 0.16194164781307346
4.7379999999997 0.16196585388574558
4.7399999999997 0.16198883086114213
4.7419999999997 0.1620099758125778
4.7439999999997 0.16202875561675628
4.745999999999699 0.1620447185802878
4.747999999999699 0.16205752314658206
4.749999999999699 0.1620669413846631
4.751999999999699 0.16207285855197173
4.7539999999996985 0.1620752664086617
4.755999999999698 0.1620742510987927
4.757999999999698 0.16206997706304788
4.759999999999698 0.16206266851801088
4.761999999999698 0.1620525820006088
4.763999999999697 0.16203997992797864
4.765999999999697 0.16202512802408492
4.767999999999697 0.16200830292676166
4.769999999999697 0.16198979082091974
4.7719999999996965 0.1619698824936162
4.773999999999696 0.16194887791105106
4.775999999999696 0.16192709222684637
4.777999999999696 0.16190486216274513
4.779999999999696 0.1618825523345439
4.781999999999695 0.16186055966412677
4.783999999999695 0.1618393142745398
4.785999999999695 0.16181927566593146
4.787999999999695 0.16180092350783698
4.7899999999996945 0.16178474300925377
4.791999999999694 0.16177119936079998
4.793999999999694 0.16176073117310663
4.795999999999694 0.16175371485019202
4.797999999999694 0.161750437827257
4.799999999999693 0.1617510781904361
4.801999999999693 0.16175568794220252
4.803999999999693 0.16176418249708546
4.805999999999693 0.16177633801414154
4.8079999999996925 0.16179179178868786
4.809999999999692 0.1618100385104016
4.811999999999692 0.16183045005264113
4.813999999999692 0.16185233306974828
4.815999999999692 0.16187498528492245
4.817999999999691 0.16189772683082299
4.819999999999691 0.1619199279640518
4.821999999999691 0.1619410334242411
4.823999999999691 0.16196058159769666
4.8259999999996905 0.16197821662773498
4.82799999999969 0.16199369514649542
4.82999999999969 0.16200687895772503
4.83199999999969 0.16201771358849876
4.83399999999969 0.16202622291580493
4.835999999999689 0.1620324822371616
4.837999999999689 0.16203659270972026
4.839999999999689 0.16203865726380645
4.841999999999689 0.16203876037070658
4.8439999999996886 0.1620369538428939
4.845999999999688 0.16203325029107357
4.847999999999688 0.16202762199944765
4.849999999999688 0.1620200046701789
4.851999999999688 0.16201031654576453
4.8539999999996875 0.1619984904882899
4.855999999999687 0.16198450479261334
4.857999999999687 0.16196841031735126
4.859999999999687 0.16195035411159192
4.861999999999687 0.161930597158292
4.863999999999686 0.161909523787361
4.865999999999686 0.16188764084093138
4.867999999999686 0.161865565535614
4.869999999999686 0.1618440020101098
4.8719999999996855 0.16182370765008547
4.873999999999685 0.16180545133288038
4.875999999999685 0.16178996662511597
4.877999999999685 0.16177789741286341
4.879999999999685 0.16176976939167825
4.881999999999684 0.16176593952520418
4.883999999999684 0.16176656506328474
4.885999999999684 0.16177158950882803
4.887999999999684 0.161780742250914
4.8899999999996835 0.16179355319890265
4.891999999999683 0.16180937613681867
4.893999999999683 0.16182741166951442
4.895999999999683 0.16184675684399147
4.897999999999683 0.1618664931499449
4.899999999999682 0.16188576857799636
4.901999999999682 0.16190384713695855
4.903999999999682 0.16192014707880786
4.905999999999682 0.16193426728741306
4.9079999999996815 0.1619459997178238
4.909999999999681 0.16195532645342303
4.911999999999681 0.16196240731214284
4.913999999999681 0.16196753249875057
4.915999999999681 0.16197108842596303
4.91799999999968 0.1619735089969146
4.91999999999968 0.16197522095039657
4.92199999999968 0.16197659270957998
4.92399999999968 0.16197789089686182
4.9259999999996795 0.16197924849557366
4.927999999999679 0.16198064775566406
4.929999999999679 0.1619819196565329
4.931999999999679 0.1619827602342131
4.933999999999679 0.1619827625070115
4.935999999999678 0.1619814612422079
4.937999999999678 0.16197838601351755
4.939999999999678 0.1619731150322729
4.941999999999678 0.16196532704082434
4.9439999999996775 0.16195485132833776
4.945999999999677 0.16194170936496788
4.947999999999677 0.1619261380924218
4.949999999999677 0.1619085943437621
4.951999999999677 0.16188973948807572
4.953999999999676 0.16187040489480703
4.955999999999676 0.16185154047413508
4.957999999999676 0.16183415010769758
4.959999999999676 0.16181921905515545
4.961999999999676 0.16180763632974504
4.963999999999675 0.16180012772005115
4.965999999999675 0.16179720493524063
4.967999999999675 0.16179910509652673
4.969999999999675 0.16180577037252586
4.9719999999996745 0.16181684623132303
4.973999999999674 0.16183170214423054
4.975999999999674 0.16184946009339807
4.977999999999674 0.16186903402605307
4.979999999999674 0.16188922401761963
4.981999999999673 0.1619088391496002
4.983999999999673 0.16192678724344428
4.985999999999673 0.161942146808857
4.987999999999673 0.16195422832657358
4.9899999999996725 0.16196261255890826
4.991999999999672 0.16196716192857807
4.993999999999672 0.16196803200807647
4.995999999999672 0.1619656417718191
4.997999999999672 0.16196062636203568
4.999999999999671 0.16195377049357912
